-0.005,2.48,-0.032
-0.004996,2.44,-0.032
-0.004992,2.44,-0.048
-0.004988,2.4,-0.048
-0.004984,2.4,-0.056
-0.00498,2.4,-0.064
-0.004976,2.32,-0.072
-0.004972,2.32,-0.08
-0.004968,2.28,-0.088
-0.004964,2.28,-0.096
-0.00496,2.24,-0.08
-0.004956,2.24,-0.088
-0.004952,2.2,-0.096
-0.004948,2.2,-0.104
-0.004944,2.16,-0.112
-0.00494,2.16,-0.12
-0.004936,2.16,-0.12
-0.004932,2.08,-0.128
-0.004928,2.12,-0.136
-0.004924,2.08,-0.136
-0.00492,2,-0.136
-0.004916,2,-0.16
-0.004912,2,-0.152
-0.004908,1.96,-0.16
-0.004904,1.92,-0.168
-0.0049,1.92,-0.168
-0.004896,1.88,-0.168
-0.004892,1.88,-0.176
-0.004888,1.84,-0.184
-0.004884,1.84,-0.2
-0.00488,1.8,-0.192
-0.004876,1.8,-0.2
-0.004872,1.76,-0.2
-0.004868,1.76,-0.208
-0.004864,1.72,-0.2
-0.00486,1.68,-0.216
-0.004856,1.68,-0.224
-0.004852,1.64,-0.224
-0.004848,1.64,-0.24
-0.004844,1.6,-0.256
-0.00484,1.56,-0.264
-0.004836,1.56,-0.248
-0.004832,1.52,-0.256
-0.004828,1.52,-0.256
-0.004824,1.48,-0.272
-0.00482,1.44,-0.288
-0.004816,1.44,-0.288
-0.004812,1.4,-0.288
-0.004808,1.36,-0.288
-0.004804,1.36,-0.288
-0.0048,1.36,-0.304
-0.004796,1.32,-0.312
-0.004792,1.28,-0.304
-0.004788,1.24,-0.312
-0.004784,1.24,-0.32
-0.00478,1.24,-0.32
-0.004776,1.2,-0.336
-0.004772,1.16,-0.328
-0.004768,1.12,-0.344
-0.004764,1.12,-0.336
-0.00476,1.08,-0.344
-0.004756,1.04,-0.352
-0.004752,1.04,-0.352
-0.004748,1,-0.36
-0.004744,0.96,-0.36
-0.00474,0.96,-0.368
-0.004736,0.92,-0.384
-0.004732,0.92,-0.376
-0.004728,0.88,-0.376
-0.004724,0.84,-0.392
-0.00472,0.84,-0.4
-0.004716,0.8,-0.4
-0.004712,0.8,-0.4
-0.004708,0.76,-0.408
-0.004704,0.72,-0.408
-0.0047,0.72,-0.424
-0.004696,0.68,-0.424
-0.004692,0.64,-0.432
-0.004688,0.6,-0.424
-0.004684,0.6,-0.424
-0.00468,0.56,-0.448
-0.004676,0.52,-0.448
-0.004672,0.52,-0.44
-0.004668,0.48,-0.448
-0.004664,0.48,-0.456
-0.00466,0.44,-0.456
-0.004656,0.4,-0.464
-0.004652,0.4,-0.464
-0.004648,0.36,-0.464
-0.004644,0.36,-0.48
-0.00464,0.32,-0.472
-0.004636,0.32,-0.48
-0.004632,0.24,-0.472
-0.004628,0.2,-0.48
-0.004624,0.2,-0.496
-0.00462,0.16,-0.488
-0.004616,0.16,-0.504
-0.004612,0.12,-0.496
-0.004608,0.12,-0.496
-0.004604,0.08,-0.512
-0.0046,0.04,-0.512
-0.004596,0,-0.52
-0.004592,0,-0.52
-0.004588,-0.04,-0.52
-0.004584,-0.04,-0.528
-0.00458,-0.08,-0.536
-0.004576,-0.12,-0.536
-0.004572,-0.12,-0.544
-0.004568,-0.16,-0.544
-0.004564,-0.2,-0.544
-0.00456,-0.24,-0.544
-0.004556,-0.24,-0.56
-0.004552,-0.28,-0.552
-0.004548,-0.32,-0.56
-0.004544,-0.32,-0.56
-0.00454,-0.36,-0.576
-0.004536,-0.4,-0.576
-0.004532,-0.44,-0.576
-0.004528,-0.48,-0.568
-0.004524,-0.48,-0.576
-0.00452,-0.52,-0.584
-0.004516,-0.52,-0.584
-0.004512,-0.56,-0.584
-0.004508,-0.6,-0.6
-0.004504,-0.6,-0.592
-0.0045,-0.64,-0.592
-0.004496,-0.68,-0.6
-0.004492,-0.68,-0.616
-0.004488,-0.72,-0.616
-0.004484,-0.72,-0.616
-0.00448,-0.76,-0.6
-0.004476,-0.8,-0.616
-0.004472,-0.8,-0.616
-0.004468,-0.84,-0.624
-0.004464,-0.88,-0.624
-0.00446,-0.92,-0.632
-0.004456,-0.92,-0.632
-0.004452,-0.92,-0.64
-0.004448,-0.96,-0.632
-0.004444,-1,-0.624
-0.00444,-1.04,-0.64
-0.004436,-1.04,-0.64
-0.004432,-1.08,-0.648
-0.004428,-1.08,-0.648
-0.004424,-1.08,-0.64
-0.00442,-1.12,-0.64
-0.004416,-1.16,-0.656
-0.004412,-1.2,-0.64
-0.004408,-1.24,-0.648
-0.004404,-1.24,-0.664
-0.0044,-1.28,-0.656
-0.004396,-1.32,-0.664
-0.004392,-1.32,-0.672
-0.004388,-1.36,-0.656
-0.004384,-1.36,-0.672
-0.00438,-1.4,-0.68
-0.004376,-1.44,-0.664
-0.004372,-1.44,-0.68
-0.004368,-1.48,-0.68
-0.004364,-1.48,-0.68
-0.00436,-1.52,-0.688
-0.004356,-1.56,-0.68
-0.004352,-1.56,-0.68
-0.004348,-1.56,-0.688
-0.004344,-1.6,-0.68
-0.00434,-1.64,-0.68
-0.004336,-1.68,-0.696
-0.004332,-1.68,-0.688
-0.004328,-1.68,-0.688
-0.004324,-1.72,-0.688
-0.00432,-1.76,-0.696
-0.004316,-1.76,-0.696
-0.004312,-1.8,-0.704
-0.004308,-1.84,-0.688
-0.004304,-1.84,-0.696
-0.0043,-1.84,-0.712
-0.004296,-1.88,-0.704
-0.004292,-1.92,-0.696
-0.004288,-1.92,-0.712
-0.004284,-1.96,-0.696
-0.00428,-2,-0.696
-0.004276,-2,-0.72
-0.004272,-2.04,-0.712
-0.004268,-2.04,-0.712
-0.004264,-2.08,-0.712
-0.00426,-2.08,-0.712
-0.004256,-2.08,-0.712
-0.004252,-2.12,-0.696
-0.004248,-2.16,-0.712
-0.004244,-2.2,-0.712
-0.00424,-2.2,-0.704
-0.004236,-2.24,-0.712
-0.004232,-2.24,-0.712
-0.004228,-2.28,-0.712
-0.004224,-2.28,-0.712
-0.00422,-2.28,-0.712
-0.004216,-2.32,-0.704
-0.004212,-2.32,-0.712
-0.004208,-2.36,-0.72
-0.004204,-2.36,-0.72
-0.0042,-2.36,-0.712
-0.004196,-2.4,-0.72
-0.004192,-2.44,-0.712
-0.004188,-2.44,-0.72
-0.004184,-2.48,-0.72
-0.00418,-2.48,-0.712
-0.004176,-2.52,-0.72
-0.004172,-2.52,-0.712
-0.004168,-2.56,-0.712
-0.004164,-2.56,-0.712
-0.00416,-2.56,-0.72
-0.004156,-2.6,-0.72
-0.004152,-2.64,-0.704
-0.004148,-2.64,-0.696
-0.004144,-2.64,-0.712
-0.00414,-2.68,-0.696
-0.004136,-2.68,-0.712
-0.004132,-2.72,-0.704
-0.004128,-2.76,-0.712
-0.004124,-2.72,-0.712
-0.00412,-2.76,-0.712
-0.004116,-2.8,-0.704
-0.004112,-2.8,-0.712
-0.004108,-2.8,-0.704
-0.004104,-2.84,-0.696
-0.0041,-2.84,-0.696
-0.004096,-2.88,-0.712
-0.004092,-2.88,-0.704
-0.004088,-2.88,-0.72
-0.004084,-2.92,-0.696
-0.00408,-2.96,-0.696
-0.004076,-2.96,-0.704
-0.004072,-2.96,-0.696
-0.004068,-3,-0.696
-0.004064,-3,-0.696
-0.00406,-3,-0.688
-0.004056,-3.04,-0.688
-0.004052,-3.04,-0.688
-0.004048,-3.04,-0.688
-0.004044,-3.08,-0.68
-0.00404,-3.08,-0.688
-0.004036,-3.08,-0.672
-0.004032,-3.12,-0.688
-0.004028,-3.12,-0.672
-0.004024,-3.12,-0.672
-0.00402,-3.16,-0.672
-0.004016,-3.16,-0.664
-0.004012,-3.16,-0.672
-0.004008,-3.16,-0.656
-0.004004,-3.16,-0.656
-0.004,-3.16,-0.672
-0.003996,-3.2,-0.664
-0.003992,-3.2,-0.656
-0.003988,-3.24,-0.656
-0.003984,-3.24,-0.664
-0.00398,-3.24,-0.664
-0.003976,-3.28,-0.656
-0.003972,-3.28,-0.656
-0.003968,-3.28,-0.656
-0.003964,-3.32,-0.648
-0.00396,-3.32,-0.648
-0.003956,-3.32,-0.632
-0.003952,-3.32,-0.632
-0.003948,-3.32,-0.632
-0.003944,-3.32,-0.64
-0.00394,-3.36,-0.64
-0.003936,-3.36,-0.64
-0.003932,-3.36,-0.632
-0.003928,-3.36,-0.632
-0.003924,-3.36,-0.624
-0.00392,-3.4,-0.616
-0.003916,-3.36,-0.616
-0.003912,-3.4,-0.616
-0.003908,-3.4,-0.608
-0.003904,-3.4,-0.6
-0.0039,-3.44,-0.616
-0.003896,-3.4,-0.608
-0.003892,-3.4,-0.6
-0.003888,-3.44,-0.6
-0.003884,-3.44,-0.584
-0.00388,-3.44,-0.6
-0.003876,-3.44,-0.584
-0.003872,-3.48,-0.584
-0.003868,-3.48,-0.568
-0.003864,-3.48,-0.584
-0.00386,-3.48,-0.576
-0.003856,-3.48,-0.568
-0.003852,-3.48,-0.576
-0.003848,-3.48,-0.568
-0.003844,-3.48,-0.56
-0.00384,-3.48,-0.56
-0.003836,-3.52,-0.56
-0.003832,-3.52,-0.552
-0.003828,-3.48,-0.56
-0.003824,-3.52,-0.552
-0.00382,-3.52,-0.536
-0.003816,-3.56,-0.536
-0.003812,-3.52,-0.528
-0.003808,-3.52,-0.544
-0.003804,-3.52,-0.544
-0.0038,-3.56,-0.52
-0.003796,-3.52,-0.52
-0.003792,-3.56,-0.512
-0.003788,-3.52,-0.512
-0.003784,-3.56,-0.504
-0.00378,-3.52,-0.512
-0.003776,-3.56,-0.504
-0.003772,-3.56,-0.496
-0.003768,-3.56,-0.504
-0.003764,-3.56,-0.472
-0.00376,-3.52,-0.488
-0.003756,-3.56,-0.48
-0.003752,-3.56,-0.472
-0.003748,-3.52,-0.472
-0.003744,-3.56,-0.464
-0.00374,-3.52,-0.464
-0.003736,-3.52,-0.456
-0.003732,-3.56,-0.464
-0.003728,-3.52,-0.456
-0.003724,-3.52,-0.456
-0.00372,-3.56,-0.44
-0.003716,-3.52,-0.44
-0.003712,-3.52,-0.424
-0.003708,-3.52,-0.424
-0.003704,-3.52,-0.432
-0.0037,-3.52,-0.424
-0.003696,-3.52,-0.424
-0.003692,-3.52,-0.424
-0.003688,-3.52,-0.408
-0.003684,-3.48,-0.408
-0.00368,-3.52,-0.408
-0.003676,-3.52,-0.392
-0.003672,-3.48,-0.392
-0.003668,-3.52,-0.392
-0.003664,-3.48,-0.392
-0.00366,-3.48,-0.376
-0.003656,-3.48,-0.392
-0.003652,-3.48,-0.376
-0.003648,-3.44,-0.368
-0.003644,-3.48,-0.36
-0.00364,-3.44,-0.36
-0.003636,-3.44,-0.352
-0.003632,-3.44,-0.344
-0.003628,-3.44,-0.328
-0.003624,-3.44,-0.336
-0.00362,-3.44,-0.336
-0.003616,-3.4,-0.328
-0.003612,-3.4,-0.312
-0.003608,-3.44,-0.312
-0.003604,-3.4,-0.304
-0.0036,-3.4,-0.304
-0.003596,-3.36,-0.304
-0.003592,-3.36,-0.312
-0.003588,-3.36,-0.296
-0.003584,-3.36,-0.304
-0.00358,-3.36,-0.296
-0.003576,-3.32,-0.28
-0.003572,-3.32,-0.288
-0.003568,-3.32,-0.272
-0.003564,-3.32,-0.272
-0.00356,-3.32,-0.256
-0.003556,-3.28,-0.256
-0.003552,-3.28,-0.248
-0.003548,-3.24,-0.248
-0.003544,-3.24,-0.24
-0.00354,-3.24,-0.224
-0.003536,-3.24,-0.224
-0.003532,-3.24,-0.224
-0.003528,-3.2,-0.216
-0.003524,-3.24,-0.216
-0.00352,-3.2,-0.216
-0.003516,-3.16,-0.216
-0.003512,-3.16,-0.192
-0.003508,-3.16,-0.192
-0.003504,-3.16,-0.192
-0.0035,-3.12,-0.192
-0.003496,-3.12,-0.176
-0.003492,-3.12,-0.168
-0.003488,-3.08,-0.176
-0.003484,-3.08,-0.168
-0.00348,-3.08,-0.152
-0.003476,-3.04,-0.144
-0.003472,-3.04,-0.152
-0.003468,-3.04,-0.136
-0.003464,-3,-0.128
-0.00346,-3,-0.136
-0.003456,-3,-0.128
-0.003452,-2.96,-0.12
-0.003448,-2.96,-0.112
-0.003444,-2.92,-0.112
-0.00344,-2.92,-0.112
-0.003436,-2.92,-0.104
-0.003432,-2.92,-0.088
-0.003428,-2.92,-0.104
-0.003424,-2.88,-0.088
-0.00342,-2.84,-0.08
-0.003416,-2.8,-0.08
-0.003412,-2.8,-0.072
-0.003408,-2.8,-0.064
-0.003404,-2.76,-0.056
-0.0034,-2.76,-0.04
-0.003396,-2.76,-0.048
-0.003392,-2.72,-0.04
-0.003388,-2.72,-0.048
-0.003384,-2.72,-0.024
-0.00338,-2.68,-0.024
-0.003376,-2.64,-0.016
-0.003372,-2.64,-0.008
-0.003368,-2.64,-0.008
-0.003364,-2.6,0
-0.00336,-2.6,0
-0.003356,-2.6,0.008
-0.003352,-2.56,0.016
-0.003348,-2.52,0.016
-0.003344,-2.52,0.024
-0.00334,-2.48,0.024
-0.003336,-2.48,0.032
-0.003332,-2.44,0.032
-0.003328,-2.4,0.04
-0.003324,-2.44,0.048
-0.00332,-2.4,0.048
-0.003316,-2.36,0.064
-0.003312,-2.36,0.088
-0.003308,-2.32,0.072
-0.003304,-2.32,0.064
-0.0033,-2.28,0.088
-0.003296,-2.28,0.104
-0.003292,-2.28,0.104
-0.003288,-2.24,0.096
-0.003284,-2.24,0.104
-0.00328,-2.2,0.12
-0.003276,-2.2,0.12
-0.003272,-2.16,0.112
-0.003268,-2.12,0.112
-0.003264,-2.12,0.136
-0.00326,-2.08,0.136
-0.003256,-2.08,0.144
-0.003252,-2.04,0.136
-0.003248,-2.04,0.144
-0.003244,-2,0.152
-0.00324,-1.96,0.16
-0.003236,-1.96,0.184
-0.003232,-1.92,0.176
-0.003228,-1.92,0.184
-0.003224,-1.92,0.176
-0.00322,-1.88,0.192
-0.003216,-1.84,0.2
-0.003212,-1.84,0.192
-0.003208,-1.8,0.2
-0.003204,-1.76,0.216
-0.0032,-1.76,0.208
-0.003196,-1.72,0.232
-0.003192,-1.72,0.216
-0.003188,-1.68,0.24
-0.003184,-1.68,0.232
-0.00318,-1.64,0.248
-0.003176,-1.6,0.248
-0.003172,-1.6,0.248
-0.003168,-1.56,0.256
-0.003164,-1.52,0.272
-0.00316,-1.52,0.264
-0.003156,-1.48,0.272
-0.003152,-1.48,0.288
-0.003148,-1.44,0.288
-0.003144,-1.44,0.288
-0.00314,-1.4,0.28
-0.003136,-1.36,0.296
-0.003132,-1.36,0.296
-0.003128,-1.32,0.296
-0.003124,-1.32,0.304
-0.00312,-1.28,0.312
-0.003116,-1.24,0.312
-0.003112,-1.24,0.32
-0.003108,-1.2,0.336
-0.003104,-1.16,0.344
-0.0031,-1.16,0.328
-0.003096,-1.12,0.344
-0.003092,-1.08,0.344
-0.003088,-1.08,0.352
-0.003084,-1.08,0.352
-0.00308,-1,0.36
-0.003076,-1,0.376
-0.003072,-0.96,0.368
-0.003068,-0.96,0.368
-0.003064,-0.92,0.368
-0.00306,-0.88,0.376
-0.003056,-0.88,0.4
-0.003052,-0.84,0.4
-0.003048,-0.8,0.392
-0.003044,-0.8,0.408
-0.00304,-0.8,0.416
-0.003036,-0.72,0.408
-0.003032,-0.72,0.424
-0.003028,-0.68,0.416
-0.003024,-0.64,0.424
-0.00302,-0.64,0.432
-0.003016,-0.6,0.44
-0.003012,-0.6,0.432
-0.003008,-0.56,0.448
-0.003004,-0.52,0.448
-0.003,-0.52,0.448
-0.002996,-0.48,0.456
-0.002992,-0.44,0.456
-0.002988,-0.4,0.456
-0.002984,-0.4,0.472
-0.00298,-0.36,0.472
-0.002976,-0.36,0.464
-0.002972,-0.32,0.48
-0.002968,-0.28,0.48
-0.002964,-0.24,0.488
-0.00296,-0.24,0.504
-0.002956,-0.2,0.496
-0.002952,-0.16,0.504
-0.002948,-0.16,0.504
-0.002944,-0.12,0.512
-0.00294,-0.12,0.52
-0.002936,-0.08,0.52
-0.002932,-0.04,0.528
-0.002928,0,0.528
-0.002924,0,0.528
-0.00292,0.08,0.528
-0.002916,0.08,0.536
-0.002912,0.12,0.536
-0.002908,0.12,0.536
-0.002904,0.16,0.536
-0.0029,0.16,0.552
-0.002896,0.2,0.544
-0.002892,0.2,0.544
-0.002888,0.24,0.544
-0.002884,0.28,0.568
-0.00288,0.32,0.56
-0.002876,0.32,0.56
-0.002872,0.36,0.568
-0.002868,0.4,0.568
-0.002864,0.4,0.584
-0.00286,0.44,0.584
-0.002856,0.48,0.592
-0.002852,0.52,0.584
-0.002848,0.52,0.592
-0.002844,0.52,0.6
-0.00284,0.56,0.584
-0.002836,0.56,0.6
-0.002832,0.64,0.6
-0.002828,0.68,0.6
-0.002824,0.68,0.616
-0.00282,0.72,0.6
-0.002816,0.72,0.608
-0.002812,0.76,0.624
-0.002808,0.76,0.616
-0.002804,0.8,0.624
-0.0028,0.8,0.616
-0.002796,0.84,0.616
-0.002792,0.88,0.632
-0.002788,0.92,0.624
-0.002784,0.92,0.648
-0.00278,0.96,0.632
-0.002776,0.96,0.632
-0.002772,1,0.64
-0.002768,1.04,0.64
-0.002764,1.04,0.648
-0.00276,1.08,0.648
-0.002756,1.08,0.656
-0.002752,1.12,0.648
-0.002748,1.12,0.648
-0.002744,1.16,0.656
-0.00274,1.2,0.656
-0.002736,1.24,0.672
-0.002732,1.24,0.664
-0.002728,1.28,0.664
-0.002724,1.32,0.68
-0.00272,1.32,0.656
-0.002716,1.36,0.672
-0.002712,1.36,0.672
-0.002708,1.4,0.672
-0.002704,1.44,0.664
-0.0027,1.48,0.68
-0.002696,1.48,0.68
-0.002692,1.52,0.68
-0.002688,1.52,0.68
-0.002684,1.56,0.68
-0.00268,1.6,0.688
-0.002676,1.6,0.688
-0.002672,1.6,0.696
-0.002668,1.64,0.68
-0.002664,1.68,0.696
-0.00266,1.68,0.704
-0.002656,1.72,0.688
-0.002652,1.76,0.688
-0.002648,1.76,0.696
-0.002644,1.8,0.696
-0.00264,1.8,0.696
-0.002636,1.84,0.696
-0.002632,1.84,0.704
-0.002628,1.88,0.704
-0.002624,1.88,0.696
-0.00262,1.92,0.704
-0.002616,1.96,0.704
-0.002612,1.96,0.704
-0.002608,1.96,0.704
-0.002604,2,0.704
-0.0026,2.04,0.712
-0.002596,2.04,0.704
-0.002592,2.08,0.704
-0.002588,2.12,0.696
-0.002584,2.12,0.712
-0.00258,2.16,0.72
-0.002576,2.16,0.72
-0.002572,2.2,0.712
-0.002568,2.24,0.712
-0.002564,2.2,0.712
-0.00256,2.24,0.704
-0.002556,2.28,0.704
-0.002552,2.28,0.712
-0.002548,2.32,0.696
-0.002544,2.36,0.712
-0.00254,2.36,0.704
-0.002536,2.36,0.728
-0.002532,2.4,0.72
-0.002528,2.44,0.712
-0.002524,2.44,0.72
-0.00252,2.44,0.728
-0.002516,2.48,0.72
-0.002512,2.48,0.712
-0.002508,2.52,0.704
-0.002504,2.52,0.728
-0.0025,2.52,0.712
-0.002496,2.56,0.728
-0.002492,2.6,0.712
-0.002488,2.6,0.704
-0.002484,2.6,0.696
-0.00248,2.6,0.704
-0.002476,2.64,0.712
-0.002472,2.64,0.712
-0.002468,2.68,0.704
-0.002464,2.72,0.704
-0.00246,2.72,0.704
-0.002456,2.72,0.704
-0.002452,2.76,0.712
-0.002448,2.8,0.704
-0.002444,2.8,0.704
-0.00244,2.8,0.696
-0.002436,2.84,0.696
-0.002432,2.84,0.704
-0.002428,2.84,0.704
-0.002424,2.88,0.696
-0.00242,2.88,0.696
-0.002416,2.92,0.704
-0.002412,2.92,0.688
-0.002408,2.92,0.696
-0.002404,2.92,0.704
-0.0024,2.96,0.688
-0.002396,2.96,0.696
-0.002392,2.96,0.688
-0.002388,3,0.688
-0.002384,3,0.696
-0.00238,3,0.688
-0.002376,3.04,0.68
-0.002372,3.04,0.68
-0.002368,3.08,0.68
-0.002364,3.08,0.68
-0.00236,3.08,0.68
-0.002356,3.12,0.672
-0.002352,3.12,0.68
-0.002348,3.16,0.68
-0.002344,3.16,0.672
-0.00234,3.16,0.656
-0.002336,3.16,0.672
-0.002332,3.16,0.672
-0.002328,3.2,0.672
-0.002324,3.2,0.656
-0.00232,3.2,0.656
-0.002316,3.24,0.664
-0.002312,3.24,0.664
-0.002308,3.28,0.656
-0.002304,3.24,0.648
-0.0023,3.28,0.648
-0.002296,3.28,0.648
-0.002292,3.28,0.64
-0.002288,3.28,0.632
-0.002284,3.32,0.64
-0.00228,3.32,0.648
-0.002276,3.32,0.624
-0.002272,3.32,0.632
-0.002268,3.32,0.632
-0.002264,3.36,0.632
-0.00226,3.36,0.616
-0.002256,3.36,0.632
-0.002252,3.36,0.616
-0.002248,3.36,0.608
-0.002244,3.36,0.616
-0.00224,3.4,0.608
-0.002236,3.4,0.608
-0.002232,3.4,0.6
-0.002228,3.4,0.608
-0.002224,3.4,0.608
-0.00222,3.4,0.584
-0.002216,3.4,0.592
-0.002212,3.4,0.584
-0.002208,3.44,0.584
-0.002204,3.44,0.584
-0.0022,3.44,0.576
-0.002196,3.44,0.568
-0.002192,3.48,0.568
-0.002188,3.48,0.568
-0.002184,3.48,0.568
-0.00218,3.48,0.56
-0.002176,3.48,0.56
-0.002172,3.48,0.552
-0.002168,3.48,0.552
-0.002164,3.48,0.544
-0.00216,3.48,0.544
-0.002156,3.48,0.552
-0.002152,3.48,0.544
-0.002148,3.48,0.536
-0.002144,3.52,0.544
-0.00214,3.52,0.536
-0.002136,3.52,0.52
-0.002132,3.52,0.52
-0.002128,3.52,0.528
-0.002124,3.52,0.528
-0.00212,3.52,0.52
-0.002116,3.52,0.52
-0.002112,3.52,0.512
-0.002108,3.52,0.496
-0.002104,3.52,0.504
-0.0021,3.52,0.488
-0.002096,3.52,0.48
-0.002092,3.52,0.504
-0.002088,3.52,0.472
-0.002084,3.52,0.48
-0.00208,3.52,0.48
-0.002076,3.52,0.472
-0.002072,3.52,0.472
-0.002068,3.52,0.472
-0.002064,3.52,0.464
-0.00206,3.52,0.448
-0.002056,3.48,0.456
-0.002052,3.48,0.44
-0.002048,3.52,0.456
-0.002044,3.52,0.432
-0.00204,3.52,0.432
-0.002036,3.52,0.424
-0.002032,3.52,0.424
-0.002028,3.48,0.424
-0.002024,3.48,0.416
-0.00202,3.48,0.408
-0.002016,3.48,0.408
-0.002012,3.48,0.4
-0.002008,3.48,0.408
-0.002004,3.48,0.4
-0.002,3.48,0.384
-0.001996,3.44,0.392
-0.001992,3.44,0.368
-0.001988,3.48,0.376
-0.001984,3.44,0.36
-0.00198,3.44,0.368
-0.001976,3.44,0.36
-0.001972,3.4,0.352
-0.001968,3.4,0.344
-0.001964,3.4,0.344
-0.00196,3.4,0.352
-0.001956,3.4,0.328
-0.001952,3.4,0.336
-0.001948,3.4,0.336
-0.001944,3.36,0.32
-0.00194,3.36,0.328
-0.001936,3.36,0.312
-0.001932,3.36,0.312
-0.001928,3.36,0.304
-0.001924,3.36,0.288
-0.00192,3.36,0.296
-0.001916,3.32,0.296
-0.001912,3.32,0.28
-0.001908,3.32,0.272
-0.001904,3.32,0.28
-0.0019,3.28,0.272
-0.001896,3.28,0.264
-0.001892,3.28,0.264
-0.001888,3.28,0.264
-0.001884,3.28,0.248
-0.00188,3.28,0.24
-0.001876,3.2,0.24
-0.001872,3.24,0.24
-0.001868,3.24,0.232
-0.001864,3.2,0.216
-0.00186,3.2,0.216
-0.001856,3.2,0.208
-0.001852,3.16,0.216
-0.001848,3.16,0.208
-0.001844,3.16,0.2
-0.00184,3.12,0.192
-0.001836,3.16,0.184
-0.001832,3.12,0.184
-0.001828,3.12,0.184
-0.001824,3.08,0.176
-0.00182,3.04,0.168
-0.001816,3.04,0.16
-0.001812,3.04,0.16
-0.001808,3.04,0.168
-0.001804,3,0.152
-0.0018,2.96,0.152
-0.001796,2.96,0.136
-0.001792,3,0.136
-0.001788,2.96,0.112
-0.001784,2.92,0.128
-0.00178,2.96,0.12
-0.001776,2.92,0.104
-0.001772,2.92,0.104
-0.001768,2.88,0.104
-0.001764,2.88,0.096
-0.00176,2.88,0.088
-0.001756,2.84,0.096
-0.001752,2.84,0.072
-0.001748,2.8,0.08
-0.001744,2.8,0.056
-0.00174,2.8,0.072
-0.001736,2.76,0.048
-0.001732,2.76,0.048
-0.001728,2.76,0.04
-0.001724,2.68,0.04
-0.00172,2.68,0.032
-0.001716,2.64,0.024
-0.001712,2.64,0.032
-0.001708,2.64,0.024
-0.001704,2.6,0.008
-0.0017,2.6,0.016
-0.001696,2.6,0.008
-0.001692,2.6,0
-0.001688,2.56,-0.008
-0.001684,2.56,-0.024
-0.00168,2.52,-0.024
-0.001676,2.52,-0.024
-0.001672,2.48,-0.024
-0.001668,2.48,-0.024
-0.001664,2.44,-0.04
-0.00166,2.44,-0.048
-0.001656,2.44,-0.072
-0.001652,2.4,-0.056
-0.001648,2.36,-0.064
-0.001644,2.36,-0.072
-0.00164,2.32,-0.072
-0.001636,2.28,-0.08
-0.001632,2.28,-0.088
-0.001628,2.28,-0.088
-0.001624,2.24,-0.096
-0.00162,2.2,-0.104
-0.001616,2.2,-0.096
-0.001612,2.2,-0.104
-0.001608,2.16,-0.128
-0.001604,2.12,-0.12
-0.0016,2.12,-0.128
-0.001596,2.08,-0.136
-0.001592,2.08,-0.144
-0.001588,2.04,-0.144
-0.001584,2,-0.152
-0.00158,2,-0.152
-0.001576,1.96,-0.152
-0.001572,1.96,-0.176
-0.001568,1.92,-0.168
-0.001564,1.92,-0.176
-0.00156,1.88,-0.168
-0.001556,1.88,-0.192
-0.001552,1.84,-0.192
-0.001548,1.84,-0.184
-0.001544,1.8,-0.192
-0.00154,1.76,-0.208
-0.001536,1.76,-0.216
-0.001532,1.72,-0.216
-0.001528,1.72,-0.216
-0.001524,1.72,-0.224
-0.00152,1.64,-0.232
-0.001516,1.64,-0.24
-0.001512,1.6,-0.24
-0.001508,1.6,-0.248
-0.001504,1.56,-0.248
-0.0015,1.56,-0.264
-0.001496,1.52,-0.256
-0.001492,1.48,-0.256
-0.001488,1.48,-0.272
-0.001484,1.44,-0.28
-0.00148,1.44,-0.288
-0.001476,1.4,-0.296
-0.001472,1.4,-0.296
-0.001468,1.36,-0.296
-0.001464,1.36,-0.304
-0.00146,1.32,-0.312
-0.001456,1.28,-0.312
-0.001452,1.24,-0.312
-0.001448,1.24,-0.304
-0.001444,1.16,-0.312
-0.00144,1.16,-0.344
-0.001436,1.12,-0.328
-0.001432,1.12,-0.336
-0.001428,1.12,-0.336
-0.001424,1.08,-0.36
-0.00142,1.04,-0.344
-0.001416,1,-0.352
-0.001412,1,-0.352
-0.001408,0.96,-0.36
-0.001404,0.92,-0.376
-0.0014,0.92,-0.384
-0.001396,0.92,-0.368
-0.001392,0.88,-0.392
-0.001388,0.84,-0.392
-0.001384,0.84,-0.4
-0.00138,0.8,-0.4
-0.001376,0.76,-0.4
-0.001372,0.76,-0.392
-0.001368,0.72,-0.408
-0.001364,0.68,-0.408
-0.00136,0.64,-0.416
-0.001356,0.64,-0.432
-0.001352,0.6,-0.44
-0.001348,0.6,-0.44
-0.001344,0.52,-0.448
-0.00134,0.52,-0.456
-0.001336,0.52,-0.448
-0.001332,0.48,-0.448
-0.001328,0.44,-0.448
-0.001324,0.44,-0.472
-0.00132,0.44,-0.464
-0.001316,0.36,-0.464
-0.001312,0.36,-0.472
-0.001308,0.32,-0.472
-0.001304,0.28,-0.488
-0.0013,0.28,-0.48
-0.001296,0.24,-0.48
-0.001292,0.2,-0.496
-0.001288,0.16,-0.488
-0.001284,0.16,-0.496
-0.00128,0.12,-0.496
-0.001276,0.12,-0.512
-0.001272,0.08,-0.512
-0.001268,0.08,-0.52
-0.001264,0.04,-0.512
-0.00126,0,-0.52
-0.001256,0,-0.512
-0.001252,-0.04,-0.52
-0.001248,-0.08,-0.528
-0.001244,-0.12,-0.528
-0.00124,-0.12,-0.544
-0.001236,-0.16,-0.544
-0.001232,-0.2,-0.552
-0.001228,-0.24,-0.552
-0.001224,-0.24,-0.56
-0.00122,-0.28,-0.552
-0.001216,-0.28,-0.56
-0.001212,-0.32,-0.568
-0.001208,-0.36,-0.56
-0.001204,-0.4,-0.56
-0.0012,-0.4,-0.576
-0.001196,-0.44,-0.576
-0.001192,-0.48,-0.584
-0.001188,-0.48,-0.584
-0.001184,-0.48,-0.568
-0.00118,-0.56,-0.584
-0.001176,-0.56,-0.584
-0.001172,-0.6,-0.592
-0.001168,-0.64,-0.584
-0.001164,-0.64,-0.608
-0.00116,-0.68,-0.616
-0.001156,-0.72,-0.608
-0.001152,-0.72,-0.616
-0.001148,-0.76,-0.616
-0.001144,-0.8,-0.608
-0.00114,-0.8,-0.624
-0.001136,-0.84,-0.608
-0.001132,-0.84,-0.616
-0.001128,-0.88,-0.632
-0.001124,-0.88,-0.632
-0.00112,-0.96,-0.632
-0.001116,-0.96,-0.64
-0.001112,-0.96,-0.648
-0.001108,-1,-0.632
-0.001104,-1,-0.64
-0.0011,-1.04,-0.64
-0.001096,-1.08,-0.632
-0.001092,-1.08,-0.656
-0.001088,-1.12,-0.656
-0.001084,-1.16,-0.64
-0.00108,-1.2,-0.664
-0.001076,-1.2,-0.656
-0.001072,-1.24,-0.656
-0.001068,-1.24,-0.672
-0.001064,-1.28,-0.664
-0.00106,-1.32,-0.672
-0.001056,-1.32,-0.672
-0.001052,-1.36,-0.664
-0.001048,-1.4,-0.672
-0.001044,-1.4,-0.664
-0.00104,-1.44,-0.68
-0.001036,-1.44,-0.672
-0.001032,-1.48,-0.672
-0.001028,-1.52,-0.68
-0.001024,-1.52,-0.68
-0.00102,-1.56,-0.68
-0.001016,-1.6,-0.696
-0.001012,-1.6,-0.68
-0.001008,-1.64,-0.688
-0.001004,-1.64,-0.696
-0.001,-1.68,-0.68
-0.000996,-1.68,-0.688
-0.000992,-1.72,-0.688
-0.000988,-1.72,-0.688
-0.000984,-1.76,-0.696
-0.00098,-1.8,-0.696
-0.000976,-1.84,-0.688
-0.000972,-1.84,-0.696
-0.000968,-1.88,-0.688
-0.000964,-1.88,-0.696
-0.00096,-1.92,-0.712
-0.000956,-1.92,-0.712
-0.000952,-1.96,-0.704
-0.000948,-1.96,-0.696
-0.000944,-2,-0.696
-0.00094,-2,-0.696
-0.000936,-2.04,-0.696
-0.000932,-2.08,-0.712
-0.000928,-2.08,-0.704
-0.000924,-2.12,-0.712
-0.00092,-2.08,-0.712
-0.000916,-2.16,-0.72
-0.000912,-2.16,-0.712
-0.000908,-2.2,-0.704
-0.000904,-2.2,-0.72
-0.0009,-2.24,-0.72
-0.000896,-2.24,-0.712
-0.000892,-2.28,-0.712
-0.000888,-2.32,-0.72
-0.000884,-2.32,-0.704
-0.00088,-2.32,-0.712
-0.000876,-2.32,-0.712
-0.000872,-2.36,-0.712
-0.000868,-2.4,-0.72
-0.000864,-2.4,-0.712
-0.00086,-2.4,-0.72
-0.000856,-2.44,-0.72
-0.000852,-2.48,-0.72
-0.000848,-2.48,-0.72
-0.000844,-2.48,-0.712
-0.00084,-2.52,-0.712
-0.000836,-2.52,-0.72
-0.000832,-2.56,-0.712
-0.000828,-2.56,-0.712
-0.000824,-2.6,-0.72
-0.00082,-2.6,-0.704
-0.000816,-2.6,-0.712
-0.000812,-2.68,-0.712
-0.000808,-2.68,-0.72
-0.000804,-2.68,-0.704
-0.0008,-2.72,-0.704
-0.000796,-2.72,-0.72
-0.000792,-2.76,-0.696
-0.000788,-2.76,-0.712
-0.000784,-2.76,-0.712
-0.00078,-2.8,-0.712
-0.000776,-2.8,-0.712
-0.000772,-2.84,-0.712
-0.000768,-2.84,-0.704
-0.000764,-2.84,-0.696
-0.00076,-2.88,-0.696
-0.000756,-2.88,-0.704
-0.000752,-2.92,-0.704
-0.000748,-2.96,-0.704
-0.000744,-2.92,-0.704
-0.00074,-2.96,-0.696
-0.000736,-2.96,-0.696
-0.000732,-3,-0.696
-0.000728,-3,-0.688
-0.000724,-3,-0.688
-0.00072,-3,-0.696
-0.000716,-3.04,-0.68
-0.000712,-3.04,-0.68
-0.000708,-3.08,-0.68
-0.000704,-3.08,-0.68
-0.0007,-3.12,-0.672
-0.000696,-3.12,-0.68
-0.000692,-3.12,-0.68
-0.000688,-3.12,-0.664
-0.000684,-3.16,-0.672
-0.00068,-3.12,-0.664
-0.000676,-3.16,-0.664
-0.000672,-3.16,-0.664
-0.000668,-3.16,-0.656
-0.000664,-3.2,-0.664
-0.00066,-3.2,-0.672
-0.000656,-3.24,-0.664
-0.000652,-3.24,-0.656
-0.000648,-3.24,-0.656
-0.000644,-3.24,-0.656
-0.00064,-3.28,-0.64
-0.000636,-3.28,-0.64
-0.000632,-3.28,-0.648
-0.000628,-3.28,-0.64
-0.000624,-3.32,-0.64
-0.00062,-3.32,-0.64
-0.000616,-3.32,-0.648
-0.000612,-3.32,-0.632
-0.000608,-3.32,-0.64
-0.000604,-3.36,-0.64
-0.0006,-3.32,-0.624
-0.000596,-3.36,-0.632
-0.000592,-3.4,-0.632
-0.000588,-3.4,-0.616
-0.000584,-3.4,-0.616
-0.00058,-3.4,-0.624
-0.000576,-3.4,-0.616
-0.000572,-3.4,-0.616
-0.000568,-3.4,-0.616
-0.000564,-3.44,-0.6
-0.00056,-3.44,-0.6
-0.000556,-3.44,-0.592
-0.000552,-3.44,-0.584
-0.000548,-3.44,-0.584
-0.000544,-3.44,-0.592
-0.00054,-3.44,-0.592
-0.000536,-3.48,-0.576
-0.000532,-3.48,-0.576
-0.000528,-3.48,-0.584
-0.000524,-3.48,-0.584
-0.00052,-3.48,-0.568
-0.000516,-3.48,-0.576
-0.000512,-3.48,-0.568
-0.000508,-3.48,-0.568
-0.000504,-3.48,-0.552
-0.0005,-3.52,-0.552
-0.000496,-3.52,-0.552
-0.000492,-3.52,-0.56
-0.000488,-3.52,-0.528
-0.000484,-3.52,-0.536
-0.00048,-3.52,-0.528
-0.000476,-3.52,-0.528
-0.000472,-3.52,-0.528
-0.000468,-3.52,-0.52
-0.000464,-3.52,-0.528
-0.00046,-3.56,-0.528
-0.000456,-3.56,-0.512
-0.000452,-3.56,-0.496
-0.000448,-3.56,-0.504
-0.000444,-3.56,-0.504
-0.00044,-3.56,-0.496
-0.000436,-3.56,-0.504
-0.000432,-3.52,-0.488
-0.000428,-3.56,-0.488
-0.000424,-3.56,-0.488
-0.00042,-3.56,-0.488
-0.000416,-3.56,-0.48
-0.000412,-3.52,-0.472
-0.000408,-3.56,-0.456
-0.000404,-3.52,-0.464
-0.0004,-3.56,-0.456
-0.000396,-3.56,-0.456
-0.000392,-3.52,-0.456
-0.000388,-3.52,-0.448
-0.000384,-3.52,-0.432
-0.00038,-3.52,-0.44
-0.000376,-3.52,-0.448
-0.000372,-3.52,-0.44
-0.000368,-3.52,-0.416
-0.000364,-3.52,-0.416
-0.00036,-3.48,-0.408
-0.000356,-3.52,-0.416
-0.000352,-3.52,-0.408
-0.000348,-3.52,-0.392
-0.000344,-3.52,-0.4
-0.00034,-3.52,-0.4
-0.000336,-3.48,-0.392
-0.000332,-3.48,-0.384
-0.000328,-3.48,-0.384
-0.000324,-3.48,-0.376
-0.00032,-3.48,-0.384
-0.000316,-3.48,-0.368
-0.000312,-3.48,-0.368
-0.000308,-3.44,-0.36
-0.000304,-3.44,-0.352
-0.0003,-3.44,-0.352
-0.000296,-3.44,-0.336
-0.000292,-3.44,-0.344
-0.000288,-3.44,-0.336
-0.000284,-3.44,-0.328
-0.00028,-3.4,-0.328
-0.000276,-3.4,-0.312
-0.000272,-3.4,-0.32
-0.000268,-3.4,-0.312
-0.000264,-3.36,-0.312
-0.00026,-3.36,-0.296
-0.000256,-3.36,-0.304
-0.000252,-3.36,-0.28
-0.000248,-3.32,-0.288
-0.000244,-3.32,-0.28
-0.00024,-3.32,-0.288
-0.000236,-3.32,-0.272
-0.000232,-3.32,-0.28
-0.000228,-3.32,-0.256
-0.000224,-3.28,-0.264
-0.00022,-3.32,-0.248
-0.000216,-3.28,-0.248
-0.000212,-3.24,-0.248
-0.000208,-3.24,-0.232
-0.000204,-3.24,-0.232
-0.0002,-3.24,-0.224
-0.000196,-3.24,-0.216
-0.000192,-3.2,-0.224
-0.000188,-3.2,-0.216
-0.000184,-3.2,-0.216
-0.00018,-3.16,-0.2
-0.000176,-3.16,-0.192
-0.000172,-3.16,-0.2
-0.000168,-3.16,-0.184
-0.000164,-3.12,-0.184
-0.00016,-3.12,-0.168
-0.000156,-3.12,-0.16
-0.000152,-3.08,-0.16
-0.000148,-3.08,-0.16
-0.000144,-3.08,-0.168
-0.00014,-3.04,-0.152
-0.000136,-3.04,-0.144
-0.000132,-3.04,-0.136
-0.000128,-3,-0.136
-0.000124,-3,-0.128
-0.00012,-3,-0.12
-0.000116,-2.96,-0.12
-0.000112,-2.96,-0.12
-0.000108,-2.96,-0.104
-0.000104,-2.92,-0.096
-0.0001,-2.92,-0.096
-9.6e-05,-2.88,-0.088
-9.2e-05,-2.88,-0.088
-8.8e-05,-2.84,-0.08
-8.4e-05,-2.84,-0.08
-8e-05,-2.84,-0.08
-7.6e-05,-2.8,-0.072
-7.2e-05,-2.8,-0.056
-6.8e-05,-2.76,-0.056
-6.4e-05,-2.76,-0.056
-6e-05,-2.76,-0.032
-5.6e-05,-2.72,-0.04
-5.2e-05,-2.68,-0.024
-4.8e-05,-2.68,-0.032
-4.4e-05,-2.68,-0.008
-4e-05,-2.64,-0.016
-3.6e-05,-2.64,-0.008
-3.2e-05,-2.6,-0.008
-2.8e-05,-2.6,0
-2.4e-05,-2.6,0.024
-2e-05,-2.56,0
-1.6e-05,-2.56,0.024
-1.2e-05,-2.52,0.016
-8e-06,-2.48,0.032
-4e-06,-2.48,0.024
0,-2.44,0.04
4e-06,-2.44,0.04
8e-06,-2.4,0.056
1.2e-05,-2.4,0.056
1.6e-05,-2.4,0.056
2e-05,-2.36,0.072
2.4e-05,-2.36,0.072
2.8e-05,-2.32,0.072
3.2e-05,-2.32,0.072
3.6e-05,-2.28,0.088
4e-05,-2.28,0.104
4.4e-05,-2.24,0.104
4.8e-05,-2.24,0.104
5.2e-05,-2.2,0.104
5.6e-05,-2.2,0.112
6e-05,-2.2,0.128
6.4e-05,-2.16,0.128
6.8e-05,-2.12,0.144
7.2e-05,-2.08,0.136
7.6e-05,-2.08,0.136
8e-05,-2.08,0.144
8.4e-05,-2,0.144
8.8e-05,-2,0.16
9.2e-05,-2,0.152
9.6e-05,-1.96,0.16
0.0001,-1.92,0.168
0.000104,-1.92,0.168
0.000108,-1.92,0.184
0.000112,-1.88,0.184
0.000116,-1.88,0.2
0.00012,-1.84,0.184
0.000124,-1.8,0.208
0.000128,-1.76,0.2
0.000132,-1.76,0.2
0.000136,-1.72,0.216
0.00014,-1.68,0.224
0.000144,-1.68,0.232
0.000148,-1.68,0.232
0.000152,-1.64,0.248
0.000156,-1.64,0.24
0.00016,-1.6,0.248
0.000164,-1.56,0.256
0.000168,-1.56,0.256
0.000172,-1.52,0.264
0.000176,-1.52,0.272
0.00018,-1.52,0.272
0.000184,-1.48,0.288
0.000188,-1.44,0.288
0.000192,-1.44,0.288
0.000196,-1.4,0.296
0.0002,-1.36,0.304
0.000204,-1.36,0.296
0.000208,-1.32,0.304
0.000212,-1.28,0.32
0.000216,-1.24,0.312
0.00022,-1.24,0.32
0.000224,-1.2,0.32
0.000228,-1.2,0.336
0.000232,-1.16,0.336
0.000236,-1.16,0.336
0.00024,-1.12,0.344
0.000244,-1.08,0.336
0.000248,-1.04,0.352
0.000252,-1.04,0.352
0.000256,-1.04,0.36
0.00026,-1,0.368
0.000264,-0.96,0.376
0.000268,-0.96,0.384
0.000272,-0.92,0.376
0.000276,-0.88,0.384
0.00028,-0.84,0.392
0.000284,-0.84,0.4
0.000288,-0.8,0.4
0.000292,-0.76,0.408
0.000296,-0.76,0.4
0.0003,-0.72,0.416
0.000304,-0.68,0.424
0.000308,-0.68,0.424
0.000312,-0.64,0.424
0.000316,-0.6,0.44
0.00032,-0.6,0.432
0.000324,-0.56,0.44
0.000328,-0.56,0.448
0.000332,-0.52,0.456
0.000336,-0.52,0.456
0.00034,-0.48,0.448
0.000344,-0.44,0.472
0.000348,-0.4,0.464
0.000352,-0.36,0.472
0.000356,-0.32,0.472
0.00036,-0.32,0.48
0.000364,-0.28,0.488
0.000368,-0.24,0.488
0.000372,-0.24,0.496
0.000376,-0.2,0.496
0.00038,-0.2,0.496
0.000384,-0.16,0.504
0.000388,-0.12,0.504
0.000392,-0.12,0.512
0.000396,-0.08,0.528
0.0004,-0.04,0.52
0.000404,0,0.52
0.000408,0,0.528
0.000412,0.04,0.528
0.000416,0.08,0.528
0.00042,0.08,0.528
0.000424,0.12,0.552
0.000428,0.16,0.536
0.000432,0.16,0.536
0.000436,0.2,0.544
0.00044,0.2,0.544
0.000444,0.24,0.552
0.000448,0.28,0.552
0.000452,0.32,0.552
0.000456,0.36,0.576
0.00046,0.36,0.584
0.000464,0.36,0.576
0.000468,0.4,0.592
0.000472,0.44,0.576
0.000476,0.44,0.592
0.00048,0.48,0.584
0.000484,0.52,0.584
0.000488,0.52,0.584
0.000492,0.56,0.592
0.000496,0.56,0.592
0.0005,0.6,0.6
0.000504,0.64,0.6
0.000508,0.68,0.608
0.000512,0.68,0.608
0.000516,0.72,0.6
0.00052,0.72,0.608
0.000524,0.8,0.608
0.000528,0.8,0.632
0.000532,0.84,0.616
0.000536,0.84,0.616
0.00054,0.88,0.632
0.000544,0.92,0.624
0.000548,0.92,0.624
0.000552,0.92,0.632
0.000556,0.96,0.624
0.00056,1,0.64
0.000564,1,0.64
0.000568,1.04,0.648
0.000572,1.08,0.648
0.000576,1.08,0.664
0.00058,1.12,0.648
0.000584,1.16,0.64
0.000588,1.2,0.648
0.000592,1.2,0.656
0.000596,1.2,0.656
0.0006,1.24,0.672
0.000604,1.28,0.664
0.000608,1.28,0.664
0.000612,1.32,0.664
0.000616,1.36,0.672
0.00062,1.4,0.68
0.000624,1.4,0.672
0.000628,1.44,0.68
0.000632,1.44,0.672
0.000636,1.48,0.68
0.00064,1.48,0.672
0.000644,1.52,0.688
0.000648,1.52,0.68
0.000652,1.6,0.68
0.000656,1.6,0.68
0.00066,1.64,0.696
0.000664,1.64,0.688
0.000668,1.64,0.688
0.000672,1.64,0.688
0.000676,1.76,0.688
0.00068,1.72,0.696
0.000684,1.76,0.696
0.000688,1.76,0.696
0.000692,1.8,0.704
0.000696,1.84,0.696
0.0007,1.84,0.704
0.000704,1.84,0.704
0.000708,1.88,0.704
0.000712,1.92,0.712
0.000716,1.92,0.704
0.00072,1.96,0.688
0.000724,1.96,0.704
0.000728,2,0.704
0.000732,2,0.696
0.000736,2.04,0.696
0.00074,2.04,0.704
0.000744,2.08,0.696
0.000748,2.12,0.712
0.000752,2.16,0.696
0.000756,2.16,0.704
0.00076,2.2,0.728
0.000764,2.2,0.704
0.000768,2.2,0.712
0.000772,2.24,0.712
0.000776,2.24,0.704
0.00078,2.28,0.712
0.000784,2.28,0.704
0.000788,2.32,0.704
0.000792,2.32,0.712
0.000796,2.4,0.72
0.0008,2.4,0.712
0.000804,2.4,0.712
0.000808,2.44,0.712
0.000812,2.44,0.704
0.000816,2.48,0.712
0.00082,2.48,0.712
0.000824,2.52,0.712
0.000828,2.52,0.72
0.000832,2.56,0.712
0.000836,2.56,0.712
0.00084,2.56,0.704
0.000844,2.6,0.712
0.000848,2.6,0.72
0.000852,2.6,0.712
0.000856,2.64,0.704
0.00086,2.64,0.704
0.000864,2.68,0.696
0.000868,2.68,0.712
0.000872,2.72,0.72
0.000876,2.72,0.712
0.00088,2.76,0.704
0.000884,2.76,0.696
0.000888,2.8,0.704
0.000892,2.8,0.704
0.000896,2.8,0.696
0.0009,2.84,0.696
0.000904,2.84,0.704
0.000908,2.88,0.704
0.000912,2.88,0.696
0.000916,2.88,0.688
0.00092,2.92,0.704
0.000924,2.92,0.704
0.000928,2.92,0.688
0.000932,2.96,0.688
0.000936,2.96,0.696
0.00094,2.96,0.688
0.000944,3,0.688
0.000948,3,0.688
0.000952,3,0.68
0.000956,3.04,0.68
0.00096,3.04,0.68
0.000964,3.04,0.688
0.000968,3.08,0.68
0.000972,3.08,0.68
0.000976,3.12,0.68
0.00098,3.12,0.68
0.000984,3.12,0.672
0.000988,3.12,0.68
0.000992,3.16,0.664
0.000996,3.16,0.672
0.001,3.16,0.672
0.001004,3.2,0.656
0.001008,3.2,0.664
0.001012,3.2,0.656
0.001016,3.2,0.648
0.00102,3.24,0.656
0.001024,3.24,0.648
0.001028,3.24,0.648
0.001032,3.28,0.648
0.001036,3.28,0.64
0.00104,3.28,0.648
0.001044,3.28,0.64
0.001048,3.28,0.632
0.001052,3.32,0.64
0.001056,3.32,0.64
0.00106,3.32,0.632
0.001064,3.36,0.632
0.001068,3.36,0.624
0.001072,3.36,0.624
0.001076,3.36,0.616
0.00108,3.36,0.616
0.001084,3.36,0.608
0.001088,3.36,0.608
0.001092,3.4,0.608
0.001096,3.36,0.608
0.0011,3.4,0.608
0.001104,3.4,0.6
0.001108,3.4,0.6
0.001112,3.36,0.6
0.001116,3.4,0.592
0.00112,3.44,0.592
0.001124,3.4,0.592
0.001128,3.4,0.584
0.001132,3.44,0.592
0.001136,3.48,0.576
0.00114,3.48,0.568
0.001144,3.44,0.576
0.001148,3.48,0.568
0.001152,3.48,0.568
0.001156,3.44,0.56
0.00116,3.48,0.568
0.001164,3.48,0.568
0.001168,3.48,0.544
0.001172,3.52,0.56
0.001176,3.52,0.552
0.00118,3.52,0.544
0.001184,3.48,0.544
0.001188,3.52,0.536
0.001192,3.52,0.536
0.001196,3.52,0.528
0.0012,3.52,0.528
0.001204,3.52,0.52
0.001208,3.52,0.536
0.001212,3.52,0.512
0.001216,3.52,0.52
0.00122,3.56,0.504
0.001224,3.52,0.504
0.001228,3.52,0.504
0.001232,3.52,0.504
0.001236,3.52,0.488
0.00124,3.52,0.488
0.001244,3.52,0.488
0.001248,3.52,0.472
0.001252,3.52,0.48
0.001256,3.52,0.472
0.00126,3.52,0.472
0.001264,3.48,0.472
0.001268,3.52,0.456
0.001272,3.48,0.464
0.001276,3.52,0.448
0.00128,3.52,0.456
0.001284,3.52,0.456
0.001288,3.52,0.44
0.001292,3.52,0.432
0.001296,3.52,0.432
0.0013,3.52,0.424
0.001304,3.48,0.416
0.001308,3.48,0.424
0.001312,3.48,0.408
0.001316,3.48,0.408
0.00132,3.48,0.408
0.001324,3.48,0.384
0.001328,3.48,0.4
0.001332,3.48,0.384
0.001336,3.44,0.376
0.00134,3.44,0.376
0.001344,3.44,0.368
0.001348,3.44,0.368
0.001352,3.44,0.368
0.001356,3.44,0.352
0.00136,3.4,0.36
0.001364,3.4,0.352
0.001368,3.4,0.344
0.001372,3.4,0.344
0.001376,3.4,0.336
0.00138,3.4,0.336
0.001384,3.36,0.32
0.001388,3.36,0.328
0.001392,3.36,0.328
0.001396,3.36,0.32
0.0014,3.36,0.312
0.001404,3.36,0.304
0.001408,3.36,0.304
0.001412,3.32,0.296
0.001416,3.32,0.304
0.00142,3.32,0.28
0.001424,3.32,0.272
0.001428,3.32,0.28
0.001432,3.28,0.264
0.001436,3.32,0.264
0.00144,3.28,0.256
0.001444,3.28,0.264
0.001448,3.24,0.256
0.001452,3.24,0.24
0.001456,3.24,0.232
0.00146,3.24,0.224
0.001464,3.24,0.224
0.001468,3.2,0.224
0.001472,3.2,0.224
0.001476,3.2,0.224
0.00148,3.16,0.208
0.001484,3.16,0.2
0.001488,3.16,0.208
0.001492,3.16,0.2
0.001496,3.16,0.192
0.0015,3.12,0.184
0.001504,3.12,0.184
0.001508,3.08,0.168
0.001512,3.08,0.16
0.001516,3.08,0.16
0.00152,3.04,0.152
0.001524,3.04,0.152
0.001528,3.04,0.152
0.001532,3,0.144
0.001536,3,0.144
0.00154,2.96,0.128
0.001544,2.96,0.128
0.001548,2.96,0.136
0.001552,2.92,0.128
0.001556,2.92,0.104
0.00156,2.92,0.104
0.001564,2.92,0.096
0.001568,2.88,0.096
0.001572,2.88,0.096
0.001576,2.88,0.088
0.00158,2.84,0.08
0.001584,2.8,0.064
0.001588,2.8,0.072
0.001592,2.8,0.064
0.001596,2.8,0.056
0.0016,2.76,0.056
0.001604,2.76,0.04
0.001608,2.72,0.048
0.001612,2.68,0.04
0.001616,2.68,0.04
0.00162,2.64,0.016
0.001624,2.64,0.032
0.001628,2.64,0.008
0.001632,2.6,0.016
0.001636,2.6,0
0.00164,2.6,0
0.001644,2.56,0
0.001648,2.56,-0.016
0.001652,2.56,-0.024
0.001656,2.52,-0.024
0.00166,2.48,-0.024
0.001664,2.48,-0.04
0.001668,2.44,-0.032
0.001672,2.44,-0.04
0.001676,2.4,-0.056
0.00168,2.4,-0.064
0.001684,2.4,-0.056
0.001688,2.36,-0.064
0.001692,2.32,-0.072
0.001696,2.32,-0.088
0.0017,2.28,-0.088
0.001704,2.28,-0.088
0.001708,2.24,-0.112
0.001712,2.24,-0.104
0.001716,2.2,-0.112
0.00172,2.2,-0.096
0.001724,2.16,-0.112
0.001728,2.12,-0.12
0.001732,2.16,-0.112
0.001736,2.12,-0.128
0.00174,2.08,-0.136
0.001744,2.08,-0.152
0.001748,2.04,-0.144
0.001752,2,-0.152
0.001756,1.96,-0.168
0.00176,1.96,-0.16
0.001764,1.92,-0.176
0.001768,1.92,-0.184
0.001772,1.88,-0.184
0.001776,1.84,-0.184
0.00178,1.88,-0.176
0.001784,1.8,-0.184
0.001788,1.8,-0.192
0.001792,1.8,-0.208
0.001796,1.76,-0.216
0.0018,1.76,-0.216
0.001804,1.72,-0.224
0.001808,1.68,-0.232
0.001812,1.68,-0.24
0.001816,1.64,-0.232
0.00182,1.6,-0.24
0.001824,1.6,-0.256
0.001828,1.6,-0.248
0.001832,1.56,-0.248
0.001836,1.52,-0.264
0.00184,1.52,-0.264
0.001844,1.48,-0.272
0.001848,1.44,-0.28
0.001852,1.4,-0.28
0.001856,1.4,-0.296
0.00186,1.36,-0.288
0.001864,1.36,-0.304
0.001868,1.36,-0.304
0.001872,1.32,-0.296
0.001876,1.28,-0.312
0.00188,1.24,-0.312
0.001884,1.24,-0.32
0.001888,1.2,-0.328
0.001892,1.2,-0.328
0.001896,1.16,-0.352
0.0019,1.16,-0.344
0.001904,1.12,-0.344
0.001908,1.08,-0.352
0.001912,1.08,-0.352
0.001916,1.04,-0.344
0.00192,1,-0.368
0.001924,0.96,-0.368
0.001928,0.92,-0.368
0.001932,0.92,-0.376
0.001936,0.88,-0.384
0.00194,0.88,-0.392
0.001944,0.88,-0.384
0.001948,0.84,-0.4
0.001952,0.8,-0.392
0.001956,0.8,-0.4
0.00196,0.76,-0.4
0.001964,0.76,-0.416
0.001968,0.72,-0.424
0.001972,0.68,-0.424
0.001976,0.64,-0.432
0.00198,0.6,-0.44
0.001984,0.56,-0.44
0.001988,0.56,-0.44
0.001992,0.52,-0.448
0.001996,0.52,-0.448
0.002,0.48,-0.448
0.002004,0.48,-0.464
0.002008,0.44,-0.448
0.002012,0.4,-0.464
0.002016,0.36,-0.464
0.00202,0.36,-0.464
0.002024,0.36,-0.472
0.002028,0.32,-0.488
0.002032,0.28,-0.48
0.002036,0.24,-0.496
0.00204,0.24,-0.496
0.002044,0.2,-0.496
0.002048,0.16,-0.504
0.002052,0.12,-0.496
0.002056,0.12,-0.504
0.00206,0.08,-0.504
0.002064,0.08,-0.504
0.002068,0.04,-0.512
0.002072,0,-0.52
0.002076,0,-0.52
0.00208,-0.04,-0.52
0.002084,-0.08,-0.536
0.002088,-0.12,-0.528
0.002092,-0.12,-0.536
0.002096,-0.16,-0.536
0.0021,-0.16,-0.552
0.002104,-0.2,-0.544
0.002108,-0.24,-0.552
0.002112,-0.24,-0.552
0.002116,-0.28,-0.56
0.00212,-0.32,-0.56
0.002124,-0.36,-0.56
0.002128,-0.36,-0.576
0.002132,-0.4,-0.576
0.002136,-0.4,-0.568
0.00214,-0.48,-0.568
0.002144,-0.48,-0.576
0.002148,-0.52,-0.6
0.002152,-0.52,-0.584
0.002156,-0.56,-0.592
0.00216,-0.6,-0.6
0.002164,-0.64,-0.584
0.002168,-0.64,-0.6
0.002172,-0.68,-0.616
0.002176,-0.68,-0.6
0.00218,-0.72,-0.608
0.002184,-0.72,-0.6
0.002188,-0.76,-0.616
0.002192,-0.8,-0.616
0.002196,-0.84,-0.624
0.0022,-0.84,-0.624
0.002204,-0.88,-0.632
0.002208,-0.92,-0.632
0.002212,-0.92,-0.64
0.002216,-0.96,-0.624
0.00222,-0.96,-0.632
0.002224,-1,-0.64
0.002228,-1.04,-0.656
0.002232,-1.04,-0.64
0.002236,-1.08,-0.64
0.00224,-1.08,-0.648
0.002244,-1.12,-0.648
0.002248,-1.16,-0.664
0.002252,-1.16,-0.656
0.002256,-1.2,-0.656
0.00226,-1.24,-0.656
0.002264,-1.24,-0.664
0.002268,-1.28,-0.664
0.002272,-1.28,-0.672
0.002276,-1.32,-0.664
0.00228,-1.36,-0.664
0.002284,-1.4,-0.68
0.002288,-1.4,-0.672
0.002292,-1.4,-0.688
0.002296,-1.44,-0.68
0.0023,-1.44,-0.68
0.002304,-1.52,-0.672
0.002308,-1.52,-0.68
0.002312,-1.52,-0.672
0.002316,-1.56,-0.696
0.00232,-1.6,-0.688
0.002324,-1.6,-0.688
0.002328,-1.64,-0.688
0.002332,-1.68,-0.688
0.002336,-1.68,-0.696
0.00234,-1.72,-0.696
0.002344,-1.72,-0.696
0.002348,-1.76,-0.688
0.002352,-1.76,-0.688
0.002356,-1.84,-0.712
0.00236,-1.8,-0.696
0.002364,-1.88,-0.704
0.002368,-1.88,-0.72
0.002372,-1.92,-0.688
0.002376,-1.92,-0.704
0.00238,-1.96,-0.704
0.002384,-1.96,-0.704
0.002388,-1.96,-0.712
0.002392,-2.04,-0.704
0.002396,-2,-0.704
0.0024,-2.04,-0.704
0.002404,-2.08,-0.704
0.002408,-2.08,-0.712
0.002412,-2.08,-0.712
0.002416,-2.12,-0.712
0.00242,-2.16,-0.712
0.002424,-2.2,-0.712
0.002428,-2.2,-0.712
0.002432,-2.24,-0.72
0.002436,-2.24,-0.712
0.00244,-2.28,-0.72
0.002444,-2.28,-0.712
0.002448,-2.32,-0.72
0.002452,-2.32,-0.712
0.002456,-2.36,-0.712
0.00246,-2.36,-0.72
0.002464,-2.4,-0.696
0.002468,-2.36,-0.712
0.002472,-2.4,-0.728
0.002476,-2.44,-0.712
0.00248,-2.44,-0.712
0.002484,-2.48,-0.712
0.002488,-2.48,-0.72
0.002492,-2.52,-0.72
0.002496,-2.52,-0.712
0.0025,-2.52,-0.712
0.002504,-2.6,-0.72
0.002508,-2.6,-0.712
0.002512,-2.6,-0.712
0.002516,-2.64,-0.696
0.00252,-2.64,-0.712
0.002524,-2.68,-0.696
0.002528,-2.68,-0.712
0.002532,-2.72,-0.712
0.002536,-2.72,-0.712
0.00254,-2.72,-0.712
0.002544,-2.76,-0.72
0.002548,-2.8,-0.712
0.002552,-2.76,-0.696
0.002556,-2.8,-0.704
0.00256,-2.84,-0.704
0.002564,-2.84,-0.712
0.002568,-2.84,-0.704
0.002572,-2.88,-0.712
0.002576,-2.88,-0.696
0.00258,-2.92,-0.688
0.002584,-2.92,-0.712
0.002588,-2.96,-0.704
0.002592,-2.96,-0.704
0.002596,-3,-0.688
0.0026,-3,-0.688
0.002604,-3,-0.688
0.002608,-3,-0.688
0.002612,-3.04,-0.696
0.002616,-3.04,-0.68
0.00262,-3.04,-0.688
0.002624,-3.08,-0.688
0.002628,-3.08,-0.68
0.002632,-3.08,-0.68
0.002636,-3.12,-0.68
0.00264,-3.12,-0.664
0.002644,-3.12,-0.672
0.002648,-3.12,-0.672
0.002652,-3.16,-0.672
0.002656,-3.16,-0.664
0.00266,-3.16,-0.672
0.002664,-3.16,-0.664
0.002668,-3.2,-0.672
0.002672,-3.2,-0.664
0.002676,-3.24,-0.656
0.00268,-3.2,-0.648
0.002684,-3.24,-0.656
0.002688,-3.24,-0.656
0.002692,-3.28,-0.648
0.002696,-3.28,-0.656
0.0027,-3.28,-0.64
0.002704,-3.28,-0.64
0.002708,-3.32,-0.64
0.002712,-3.32,-0.64
0.002716,-3.32,-0.64
0.00272,-3.32,-0.632
0.002724,-3.32,-0.624
0.002728,-3.32,-0.632
0.002732,-3.36,-0.632
0.002736,-3.36,-0.616
0.00274,-3.36,-0.632
0.002744,-3.4,-0.616
0.002748,-3.4,-0.624
0.002752,-3.4,-0.616
0.002756,-3.4,-0.624
0.00276,-3.4,-0.616
0.002764,-3.44,-0.608
0.002768,-3.44,-0.608
0.002772,-3.44,-0.6
0.002776,-3.44,-0.592
0.00278,-3.44,-0.592
0.002784,-3.44,-0.6
0.002788,-3.44,-0.584
0.002792,-3.44,-0.592
0.002796,-3.48,-0.592
0.0028,-3.48,-0.576
0.002804,-3.48,-0.584
0.002808,-3.48,-0.56
0.002812,-3.48,-0.568
0.002816,-3.48,-0.568
0.00282,-3.48,-0.56
0.002824,-3.48,-0.568
0.002828,-3.48,-0.56
0.002832,-3.52,-0.56
0.002836,-3.48,-0.552
0.00284,-3.52,-0.56
0.002844,-3.52,-0.544
0.002848,-3.52,-0.544
0.002852,-3.52,-0.536
0.002856,-3.52,-0.536
0.00286,-3.52,-0.536
0.002864,-3.56,-0.528
0.002868,-3.56,-0.52
0.002872,-3.52,-0.52
0.002876,-3.52,-0.52
0.00288,-3.52,-0.512
0.002884,-3.52,-0.52
0.002888,-3.52,-0.512
0.002892,-3.56,-0.496
0.002896,-3.52,-0.496
0.0029,-3.56,-0.496
0.002904,-3.56,-0.496
0.002908,-3.52,-0.48
0.002912,-3.52,-0.472
0.002916,-3.56,-0.472
0.00292,-3.56,-0.472
0.002924,-3.52,-0.48
0.002928,-3.52,-0.464
0.002932,-3.52,-0.456
0.002936,-3.56,-0.456
0.00294,-3.52,-0.472
0.002944,-3.52,-0.44
0.002948,-3.52,-0.44
0.002952,-3.52,-0.448
0.002956,-3.52,-0.44
0.00296,-3.52,-0.432
0.002964,-3.52,-0.432
0.002968,-3.52,-0.424
0.002972,-3.52,-0.424
0.002976,-3.52,-0.416
0.00298,-3.48,-0.408
0.002984,-3.52,-0.4
0.002988,-3.52,-0.392
0.002992,-3.52,-0.392
0.002996,-3.52,-0.392
0.003,-3.48,-0.392
0.003004,-3.44,-0.384
0.003008,-3.48,-0.376
0.003012,-3.48,-0.376
0.003016,-3.48,-0.368
0.00302,-3.48,-0.36
0.003024,-3.48,-0.352
0.003028,-3.44,-0.36
0.003032,-3.44,-0.352
0.003036,-3.44,-0.344
0.00304,-3.44,-0.336
0.003044,-3.44,-0.336
0.003048,-3.4,-0.344
0.003052,-3.4,-0.32
0.003056,-3.4,-0.312
0.00306,-3.4,-0.32
0.003064,-3.4,-0.312
0.003068,-3.4,-0.312
0.003072,-3.36,-0.296
0.003076,-3.4,-0.304
0.00308,-3.4,-0.296
0.003084,-3.36,-0.288
0.003088,-3.36,-0.296
0.003092,-3.32,-0.288
0.003096,-3.32,-0.28
0.0031,-3.32,-0.256
0.003104,-3.28,-0.256
0.003108,-3.28,-0.272
0.003112,-3.28,-0.256
0.003116,-3.28,-0.256
0.00312,-3.28,-0.24
0.003124,-3.24,-0.232
0.003128,-3.24,-0.224
0.003132,-3.24,-0.216
0.003136,-3.24,-0.224
0.00314,-3.2,-0.216
0.003144,-3.2,-0.2
0.003148,-3.2,-0.208
0.003152,-3.16,-0.208
0.003156,-3.16,-0.2
0.00316,-3.16,-0.184
0.003164,-3.12,-0.192
0.003168,-3.12,-0.184
0.003172,-3.12,-0.184
0.003176,-3.08,-0.176
0.00318,-3.08,-0.16
0.003184,-3.08,-0.16
0.003188,-3.08,-0.152
0.003192,-3.04,-0.144
0.003196,-3.04,-0.136
0.0032,-3,-0.136
0.003204,-3.04,-0.128
0.003208,-3,-0.136
0.003212,-2.96,-0.128
0.003216,-2.96,-0.12
0.00322,-2.96,-0.112
0.003224,-2.92,-0.112
0.003228,-2.92,-0.112
0.003232,-2.92,-0.096
0.003236,-2.92,-0.096
0.00324,-2.88,-0.088
0.003244,-2.84,-0.088
0.003248,-2.84,-0.08
0.003252,-2.84,-0.072
0.003256,-2.8,-0.064
0.00326,-2.8,-0.064
0.003264,-2.76,-0.056
0.003268,-2.76,-0.048
0.003272,-2.76,-0.04
0.003276,-2.72,-0.04
0.00328,-2.72,-0.032
0.003284,-2.68,-0.024
0.003288,-2.68,-0.016
0.003292,-2.64,-0.016
0.003296,-2.64,-0.008
0.0033,-2.64,0
0.003304,-2.6,0.008
0.003308,-2.56,0.008
0.003312,-2.56,0.024
0.003316,-2.56,0.024
0.00332,-2.52,0.024
0.003324,-2.52,0.032
0.003328,-2.48,0.032
0.003332,-2.44,0.04
0.003336,-2.44,0.04
0.00334,-2.44,0.048
0.003344,-2.4,0.056
0.003348,-2.36,0.056
0.003352,-2.36,0.064
0.003356,-2.32,0.072
0.00336,-2.32,0.072
0.003364,-2.32,0.072
0.003368,-2.28,0.08
0.003372,-2.28,0.088
0.003376,-2.24,0.096
0.00338,-2.24,0.104
0.003384,-2.24,0.104
0.003388,-2.2,0.112
0.003392,-2.2,0.12
0.003396,-2.12,0.128
0.0034,-2.12,0.128
0.003404,-2.08,0.144
0.003408,-2.08,0.144
0.003412,-2.08,0.144
0.003416,-2.04,0.152
0.00342,-2.04,0.152
0.003424,-2,0.152
0.003428,-1.96,0.168
0.003432,-1.96,0.176
0.003436,-1.92,0.176
0.00344,-1.92,0.184
0.003444,-1.88,0.192
0.003448,-1.88,0.192
0.003452,-1.84,0.2
0.003456,-1.84,0.208
0.00346,-1.8,0.2
0.003464,-1.76,0.2
0.003468,-1.72,0.216
0.003472,-1.72,0.216
0.003476,-1.68,0.224
0.00348,-1.68,0.232
0.003484,-1.64,0.248
0.003488,-1.6,0.24
0.003492,-1.6,0.24
0.003496,-1.56,0.24
0.0035,-1.56,0.272
0.003504,-1.52,0.256
0.003508,-1.52,0.256
0.003512,-1.52,0.264
0.003516,-1.48,0.28
0.00352,-1.44,0.272
0.003524,-1.4,0.28
0.003528,-1.36,0.28
0.003532,-1.36,0.296
0.003536,-1.36,0.296
0.00354,-1.32,0.296
0.003544,-1.28,0.312
0.003548,-1.28,0.32
0.003552,-1.24,0.32
0.003556,-1.2,0.312
0.00356,-1.16,0.328
0.003564,-1.16,0.344
0.003568,-1.12,0.344
0.003572,-1.12,0.352
0.003576,-1.08,0.352
0.00358,-1.08,0.352
0.003584,-1.04,0.352
0.003588,-1,0.368
0.003592,-1,0.36
0.003596,-0.96,0.368
0.0036,-0.96,0.376
0.003604,-0.92,0.384
0.003608,-0.88,0.376
0.003612,-0.88,0.392
0.003616,-0.84,0.4
0.00362,-0.8,0.392
0.003624,-0.8,0.408
0.003628,-0.72,0.408
0.003632,-0.72,0.4
0.003636,-0.72,0.408
0.00364,-0.68,0.424
0.003644,-0.68,0.432
0.003648,-0.64,0.432
0.003652,-0.6,0.44
0.003656,-0.56,0.44
0.00366,-0.52,0.44
0.003664,-0.52,0.448
0.003668,-0.48,0.44
0.003672,-0.44,0.456
0.003676,-0.44,0.456
0.00368,-0.4,0.464
0.003684,-0.4,0.456
0.003688,-0.36,0.48
0.003692,-0.32,0.48
0.003696,-0.28,0.488
0.0037,-0.28,0.488
0.003704,-0.24,0.488
0.003708,-0.24,0.504
0.003712,-0.2,0.504
0.003716,-0.16,0.504
0.00372,-0.16,0.496
0.003724,-0.12,0.52
0.003728,-0.08,0.512
0.003732,-0.04,0.528
0.003736,-0.04,0.528
0.00374,0,0.528
0.003744,0,0.528
0.003748,0.04,0.528
0.003752,0.08,0.528
0.003756,0.12,0.528
0.00376,0.12,0.544
0.003764,0.16,0.544
0.003768,0.16,0.544
0.003772,0.2,0.544
0.003776,0.24,0.56
0.00378,0.24,0.552
0.003784,0.28,0.56
0.003788,0.32,0.56
0.003792,0.36,0.568
0.003796,0.4,0.568
0.0038,0.4,0.584
0.003804,0.44,0.584
0.003808,0.44,0.576
0.003812,0.48,0.584
0.003816,0.48,0.584
0.00382,0.52,0.576
0.003824,0.52,0.584
0.003828,0.56,0.584
0.003832,0.6,0.592
0.003836,0.6,0.592
0.00384,0.68,0.608
0.003844,0.68,0.608
0.003848,0.72,0.6
0.003852,0.76,0.624
0.003856,0.76,0.616
0.00386,0.8,0.616
0.003864,0.8,0.624
0.003868,0.84,0.624
0.003872,0.88,0.632
0.003876,0.88,0.64
0.00388,0.88,0.624
0.003884,0.92,0.632
0.003888,0.96,0.64
0.003892,1,0.632
0.003896,1.04,0.64
0.0039,1.04,0.64
0.003904,1.04,0.632
0.003908,1.08,0.648
0.003912,1.16,0.648
0.003916,1.16,0.648
0.00392,1.16,0.648
0.003924,1.16,0.648
0.003928,1.2,0.656
0.003932,1.24,0.656
0.003936,1.28,0.664
0.00394,1.28,0.656
0.003944,1.32,0.672
0.003948,1.36,0.656
0.003952,1.36,0.672
0.003956,1.36,0.68
0.00396,1.44,0.68
0.003964,1.44,0.68
0.003968,1.44,0.672
0.003972,1.48,0.68
0.003976,1.52,0.672
0.00398,1.52,0.688
0.003984,1.56,0.68
0.003988,1.56,0.688
0.003992,1.64,0.688
0.003996,1.64,0.688
0.004,1.64,0.688
0.004004,1.68,0.704
0.004008,1.72,0.688
0.004012,1.72,0.696
0.004016,1.76,0.696
0.00402,1.76,0.688
0.004024,1.8,0.696
0.004028,1.8,0.688
0.004032,1.84,0.704
0.004036,1.84,0.712
0.00404,1.84,0.696
0.004044,1.92,0.704
0.004048,1.92,0.712
0.004052,1.96,0.696
0.004056,1.96,0.712
0.00406,2,0.696
0.004064,2,0.712
0.004068,2.04,0.696
0.004072,2.08,0.712
0.004076,2.08,0.704
0.00408,2.12,0.712
0.004084,2.12,0.712
0.004088,2.16,0.712
0.004092,2.16,0.72
0.004096,2.2,0.712
0.0041,2.2,0.712
0.004104,2.24,0.712
0.004108,2.24,0.704
0.004112,2.28,0.712
0.004116,2.32,0.696
0.00412,2.32,0.712
0.004124,2.32,0.72
0.004128,2.36,0.712
0.004132,2.4,0.704
0.004136,2.4,0.728
0.00414,2.44,0.704
0.004144,2.44,0.72
0.004148,2.44,0.704
0.004152,2.48,0.712
0.004156,2.48,0.72
0.00416,2.52,0.72
0.004164,2.56,0.712
0.004168,2.56,0.72
0.004172,2.6,0.712
0.004176,2.6,0.712
0.00418,2.6,0.704
0.004184,2.64,0.704
0.004188,2.64,0.696
0.004192,2.68,0.712
0.004196,2.68,0.712
0.0042,2.68,0.704
0.004204,2.68,0.704
0.004208,2.72,0.704
0.004212,2.76,0.72
0.004216,2.76,0.696
0.00422,2.8,0.704
0.004224,2.76,0.696
0.004228,2.8,0.712
0.004232,2.84,0.712
0.004236,2.84,0.696
0.00424,2.84,0.712
0.004244,2.84,0.704
0.004248,2.88,0.704
0.004252,2.92,0.696
0.004256,2.92,0.696
0.00426,2.92,0.704
0.004264,2.96,0.688
0.004268,2.96,0.696
0.004272,2.96,0.696
0.004276,3,0.688
0.00428,3,0.68
0.004284,3,0.68
0.004288,3,0.688
0.004292,3.04,0.688
0.004296,3.04,0.688
0.0043,3.04,0.68
0.004304,3.12,0.688
0.004308,3.08,0.68
0.004312,3.12,0.68
0.004316,3.12,0.68
0.00432,3.16,0.672
0.004324,3.16,0.672
0.004328,3.16,0.664
0.004332,3.16,0.656
0.004336,3.2,0.664
0.00434,3.2,0.664
0.004344,3.2,0.656
0.004348,3.2,0.664
0.004352,3.24,0.656
0.004356,3.24,0.656
0.00436,3.24,0.648
0.004364,3.24,0.656
0.004368,3.28,0.64
0.004372,3.28,0.64
0.004376,3.28,0.656
0.00438,3.28,0.64
0.004384,3.32,0.632
0.004388,3.32,0.64
0.004392,3.32,0.64
0.004396,3.32,0.632
0.0044,3.36,0.624
0.004404,3.36,0.624
0.004408,3.36,0.624
0.004412,3.36,0.632
0.004416,3.36,0.616
0.00442,3.36,0.616
0.004424,3.36,0.624
0.004428,3.36,0.616
0.004432,3.4,0.6
0.004436,3.4,0.584
0.00444,3.4,0.6
0.004444,3.4,0.592
0.004448,3.4,0.592
0.004452,3.44,0.6
0.004456,3.4,0.6
0.00446,3.44,0.592
0.004464,3.44,0.584
0.004468,3.48,0.592
0.004472,3.44,0.584
0.004476,3.44,0.584
0.00448,3.48,0.584
0.004484,3.48,0.576
0.004488,3.48,0.56
0.004492,3.48,0.56
0.004496,3.48,0.544
0.0045,3.48,0.56
0.004504,3.48,0.552
0.004508,3.48,0.544
0.004512,3.48,0.544
0.004516,3.52,0.528
0.00452,3.52,0.536
0.004524,3.52,0.536
0.004528,3.52,0.528
0.004532,3.52,0.528
0.004536,3.52,0.528
0.00454,3.52,0.52
0.004544,3.52,0.504
0.004548,3.52,0.512
0.004552,3.52,0.52
0.004556,3.52,0.504
0.00456,3.52,0.488
0.004564,3.52,0.488
0.004568,3.52,0.496
0.004572,3.52,0.488
0.004576,3.52,0.472
0.00458,3.52,0.48
0.004584,3.52,0.48
0.004588,3.52,0.472
0.004592,3.52,0.472
0.004596,3.52,0.456
0.0046,3.48,0.464
0.004604,3.52,0.456
0.004608,3.48,0.448
0.004612,3.52,0.456
0.004616,3.52,0.448
0.00462,3.48,0.432
0.004624,3.52,0.44
0.004628,3.52,0.416
0.004632,3.52,0.424
0.004636,3.52,0.424
0.00464,3.52,0.424
0.004644,3.48,0.416
0.004648,3.48,0.408
0.004652,3.48,0.4
0.004656,3.48,0.408
0.00466,3.48,0.4
0.004664,3.48,0.4
0.004668,3.48,0.384
0.004672,3.44,0.384
0.004676,3.48,0.376
0.00468,3.44,0.376
0.004684,3.44,0.368
0.004688,3.44,0.368
0.004692,3.44,0.368
0.004696,3.44,0.36
0.0047,3.4,0.36
0.004704,3.4,0.352
0.004708,3.4,0.336
0.004712,3.4,0.336
0.004716,3.36,0.328
0.00472,3.4,0.32
0.004724,3.36,0.328
0.004728,3.36,0.32
0.004732,3.36,0.312
0.004736,3.36,0.32
0.00474,3.36,0.296
0.004744,3.36,0.296
0.004748,3.32,0.288
0.004752,3.32,0.288
0.004756,3.32,0.296
0.00476,3.32,0.288
0.004764,3.32,0.264
0.004768,3.32,0.264
0.004772,3.28,0.264
0.004776,3.28,0.272
0.00478,3.28,0.264
0.004784,3.24,0.248
0.004788,3.24,0.24
0.004792,3.24,0.256
0.004796,3.24,0.232
0.0048,3.2,0.224
0.004804,3.2,0.224
0.004808,3.2,0.224
0.004812,3.16,0.208
0.004816,3.16,0.208
0.00482,3.16,0.2
0.004824,3.16,0.192
0.004828,3.16,0.176
0.004832,3.12,0.192
0.004836,3.12,0.184
0.00484,3.12,0.168
0.004844,3.08,0.168
0.004848,3.04,0.16
0.004852,3.04,0.152
0.004856,3.04,0.16
0.00486,3,0.152
0.004864,3,0.136
0.004868,3,0.136
0.004872,3,0.136
0.004876,2.96,0.128
0.00488,2.96,0.12
0.004884,2.96,0.12
0.004888,2.92,0.12
0.004892,2.92,0.104
0.004896,2.92,0.104
0.0049,2.88,0.088
0.004904,2.88,0.088
0.004908,2.84,0.104
0.004912,2.84,0.088
0.004916,2.84,0.08
0.00492,2.8,0.064
0.004924,2.8,0.072
0.004928,2.76,0.064
0.004932,2.76,0.048
0.004936,2.76,0.048
0.00494,2.72,0.048
0.004944,2.68,0.04
0.004948,2.68,0.048
0.004952,2.68,0.032
0.004956,2.64,0.016
0.00496,2.64,0.024
0.004964,2.64,0.016
0.004968,2.6,0.008
0.004972,2.6,0.016
0.004976,2.56,0.008
0.00498,2.56,0
0.004984,2.52,-0.008
0.004988,2.52,-0.016
0.004992,2.48,-0.024
0.004996,2.48,-0.032
