-0.00125,3.84,1.44
-0.001249,3.84,1.44
-0.001248,3.84,1.4
-0.001247,3.84,1.36
-0.001246,3.84,1.36
-0.001245,3.84,1.36
-0.001244,3.84,1.36
-0.001243,3.84,1.32
-0.001242,3.8,1.32
-0.001241,3.8,1.32
-0.00124,3.8,1.32
-0.001239,3.8,1.28
-0.001238,3.76,1.24
-0.001237,3.76,1.24
-0.001236,3.72,1.2
-0.001235,3.72,1.24
-0.001234,3.72,1.2
-0.001233,3.72,1.16
-0.001232,3.72,1.16
-0.001231,3.68,1.16
-0.00123,3.72,1.16
-0.001229,3.68,1.12
-0.001228,3.68,1.08
-0.001227,3.64,1.08
-0.001226,3.68,1.04
-0.001225,3.64,1.04
-0.001224,3.64,1.04
-0.001223,3.6,1
-0.001222,3.64,1
-0.001221,3.6,0.96
-0.00122,3.6,0.92
-0.001219,3.6,0.92
-0.001218,3.6,0.92
-0.001217,3.56,0.88
-0.001216,3.52,0.88
-0.001215,3.52,0.84
-0.001214,3.52,0.84
-0.001213,3.52,0.84
-0.001212,3.48,0.8
-0.001211,3.48,0.8
-0.00121,3.44,0.76
-0.001209,3.44,0.76
-0.001208,3.4,0.72
-0.001207,3.44,0.72
-0.001206,3.4,0.72
-0.001205,3.4,0.68
-0.001204,3.36,0.68
-0.001203,3.36,0.64
-0.001202,3.36,0.64
-0.001201,3.32,0.6
-0.0012,3.32,0.6
-0.001199,3.32,0.56
-0.001198,3.28,0.52
-0.001197,3.24,0.52
-0.001196,3.24,0.52
-0.001195,3.24,0.48
-0.001194,3.2,0.48
-0.001193,3.2,0.44
-0.001192,3.16,0.44
-0.001191,3.16,0.4
-0.00119,3.12,0.4
-0.001189,3.12,0.36
-0.001188,3.12,0.36
-0.001187,3.08,0.36
-0.001186,3.04,0.36
-0.001185,3.04,0.32
-0.001184,3,0.28
-0.001183,2.96,0.28
-0.001182,2.96,0.28
-0.001181,2.96,0.24
-0.00118,2.96,0.2
-0.001179,2.92,0.16
-0.001178,2.92,0.16
-0.001177,2.88,0.16
-0.001176,2.84,0.16
-0.001175,2.88,0.12
-0.001174,2.84,0.12
-0.001173,2.8,0.08
-0.001172,2.76,0.08
-0.001171,2.76,0.04
-0.00117,2.72,0.04
-0.001169,2.68,-0.04
-0.001168,2.64,-0.04
-0.001167,2.64,-0.04
-0.001166,2.64,-0.08
-0.001165,2.6,-0.08
-0.001164,2.6,-0.12
-0.001163,2.56,-0.12
-0.001162,2.52,-0.16
-0.001161,2.52,-0.16
-0.00116,2.52,-0.16
-0.001159,2.48,-0.2
-0.001158,2.48,-0.24
-0.001157,2.44,-0.24
-0.001156,2.4,-0.24
-0.001155,2.36,-0.28
-0.001154,2.32,-0.28
-0.001153,2.32,-0.32
-0.001152,2.28,-0.36
-0.001151,2.24,-0.36
-0.00115,2.24,-0.4
-0.001149,2.24,-0.4
-0.001148,2.2,-0.44
-0.001147,2.16,-0.44
-0.001146,2.12,-0.48
-0.001145,2.12,-0.44
-0.001144,2.08,-0.48
-0.001143,2.04,-0.52
-0.001142,2,-0.52
-0.001141,1.96,-0.56
-0.00114,1.96,-0.6
-0.001139,1.96,-0.6
-0.001138,1.92,-0.64
-0.001137,1.88,-0.64
-0.001136,1.84,-0.64
-0.001135,1.84,-0.64
-0.001134,1.8,-0.68
-0.001133,1.76,-0.72
-0.001132,1.76,-0.72
-0.001131,1.72,-0.72
-0.00113,1.68,-0.72
-0.001129,1.64,-0.76
-0.001128,1.64,-0.8
-0.001127,1.56,-0.84
-0.001126,1.56,-0.84
-0.001125,1.56,-0.84
-0.001124,1.52,-0.84
-0.001123,1.48,-0.88
-0.001122,1.44,-0.92
-0.001121,1.4,-0.92
-0.00112,1.4,-0.92
-0.001119,1.36,-0.92
-0.001118,1.36,-0.96
-0.001117,1.32,-1
-0.001116,1.28,-1
-0.001115,1.24,-1
-0.001114,1.2,-1.04
-0.001113,1.16,-1.04
-0.001112,1.16,-1.12
-0.001111,1.12,-1.12
-0.00111,1.08,-1.12
-0.001109,1.08,-1.12
-0.001108,1.04,-1.12
-0.001107,1,-1.16
-0.001106,0.96,-1.16
-0.001105,0.92,-1.2
-0.001104,0.92,-1.24
-0.001103,0.88,-1.24
-0.001102,0.84,-1.2
-0.001101,0.8,-1.28
-0.0011,0.8,-1.24
-0.001099,0.72,-1.32
-0.001098,0.72,-1.32
-0.001097,0.72,-1.32
-0.001096,0.64,-1.36
-0.001095,0.6,-1.36
-0.001094,0.6,-1.36
-0.001093,0.56,-1.4
-0.001092,0.52,-1.4
-0.001091,0.48,-1.4
-0.00109,0.52,-1.44
-0.001089,0.44,-1.44
-0.001088,0.4,-1.48
-0.001087,0.36,-1.48
-0.001086,0.36,-1.48
-0.001085,0.32,-1.48
-0.001084,0.24,-1.52
-0.001083,0.24,-1.52
-0.001082,0.2,-1.56
-0.001081,0.16,-1.56
-0.00108,0.16,-1.56
-0.001079,0.12,-1.56
-0.001078,0.08,-1.6
-0.001077,0.08,-1.6
-0.001076,0.04,-1.64
-0.001075,0,-1.64
-0.001074,-0.04,-1.64
-0.001073,-0.04,-1.68
-0.001072,-0.12,-1.68
-0.001071,-0.16,-1.72
-0.00107,-0.16,-1.68
-0.001069,-0.2,-1.72
-0.001068,-0.28,-1.72
-0.001067,-0.24,-1.72
-0.001066,-0.28,-1.76
-0.001065,-0.32,-1.76
-0.001064,-0.36,-1.76
-0.001063,-0.4,-1.8
-0.001062,-0.44,-1.76
-0.001061,-0.44,-1.84
-0.00106,-0.52,-1.84
-0.001059,-0.52,-1.84
-0.001058,-0.56,-1.84
-0.001057,-0.6,-1.88
-0.001056,-0.64,-1.88
-0.001055,-0.64,-1.88
-0.001054,-0.68,-1.92
-0.001053,-0.72,-1.92
-0.001052,-0.76,-1.92
-0.001051,-0.76,-1.92
-0.00105,-0.8,-1.96
-0.001049,-0.84,-1.96
-0.001048,-0.84,-1.96
-0.001047,-0.88,-1.96
-0.001046,-0.96,-1.96
-0.001045,-0.96,-2
-0.001044,-1,-2
-0.001043,-1,-2
-0.001042,-1.04,-2
-0.001041,-1.08,-2
-0.00104,-1.12,-2.04
-0.001039,-1.16,-2.04
-0.001038,-1.16,-2.04
-0.001037,-1.2,-2.04
-0.001036,-1.24,-2.08
-0.001035,-1.24,-2.08
-0.001034,-1.28,-2.12
-0.001033,-1.32,-2.08
-0.001032,-1.36,-2.12
-0.001031,-1.4,-2.12
-0.00103,-1.4,-2.12
-0.001029,-1.44,-2.16
-0.001028,-1.48,-2.12
-0.001027,-1.52,-2.16
-0.001026,-1.52,-2.16
-0.001025,-1.56,-2.16
-0.001024,-1.56,-2.16
-0.001023,-1.6,-2.2
-0.001022,-1.64,-2.2
-0.001021,-1.64,-2.2
-0.00102,-1.68,-2.2
-0.001019,-1.72,-2.2
-0.001018,-1.76,-2.2
-0.001017,-1.76,-2.24
-0.001016,-1.84,-2.2
-0.001015,-1.84,-2.24
-0.001014,-1.88,-2.24
-0.001013,-1.92,-2.28
-0.001012,-1.92,-2.24
-0.001011,-1.96,-2.24
-0.00101,-2,-2.24
-0.001009,-2,-2.28
-0.001008,-2.04,-2.28
-0.001007,-2.04,-2.28
-0.001006,-2.08,-2.28
-0.001005,-2.12,-2.28
-0.001004,-2.16,-2.28
-0.001003,-2.16,-2.28
-0.001002,-2.2,-2.28
-0.001001,-2.2,-2.28
-0.001,-2.24,-2.32
-0.000999,-2.28,-2.32
-0.000998,-2.32,-2.28
-0.000997,-2.32,-2.32
-0.000996,-2.36,-2.32
-0.000995,-2.4,-2.32
-0.000994,-2.36,-2.36
-0.000993,-2.44,-2.32
-0.000992,-2.48,-2.32
-0.000991,-2.48,-2.36
-0.00099,-2.48,-2.36
-0.000989,-2.52,-2.36
-0.000988,-2.52,-2.36
-0.000987,-2.56,-2.36
-0.000986,-2.6,-2.36
-0.000985,-2.6,-2.36
-0.000984,-2.64,-2.32
-0.000983,-2.64,-2.36
-0.000982,-2.72,-2.36
-0.000981,-2.72,-2.36
-0.00098,-2.76,-2.36
-0.000979,-2.76,-2.36
-0.000978,-2.8,-2.36
-0.000977,-2.8,-2.36
-0.000976,-2.84,-2.36
-0.000975,-2.84,-2.32
-0.000974,-2.88,-2.36
-0.000973,-2.92,-2.36
-0.000972,-2.92,-2.36
-0.000971,-2.96,-2.36
-0.00097,-2.96,-2.36
-0.000969,-2.96,-2.36
-0.000968,-3,-2.36
-0.000967,-3.04,-2.36
-0.000966,-3.04,-2.36
-0.000965,-3.08,-2.32
-0.000964,-3.08,-2.32
-0.000963,-3.08,-2.32
-0.000962,-3.12,-2.32
-0.000961,-3.16,-2.28
-0.00096,-3.16,-2.32
-0.000959,-3.16,-2.32
-0.000958,-3.16,-2.36
-0.000957,-3.2,-2.32
-0.000956,-3.2,-2.32
-0.000955,-3.24,-2.32
-0.000954,-3.28,-2.32
-0.000953,-3.28,-2.28
-0.000952,-3.32,-2.28
-0.000951,-3.32,-2.28
-0.00095,-3.32,-2.28
-0.000949,-3.36,-2.28
-0.000948,-3.36,-2.28
-0.000947,-3.36,-2.28
-0.000946,-3.4,-2.28
-0.000945,-3.4,-2.28
-0.000944,-3.4,-2.24
-0.000943,-3.44,-2.24
-0.000942,-3.44,-2.24
-0.000941,-3.48,-2.28
-0.00094,-3.48,-2.24
-0.000939,-3.52,-2.2
-0.000938,-3.52,-2.24
-0.000937,-3.52,-2.24
-0.000936,-3.56,-2.24
-0.000935,-3.56,-2.24
-0.000934,-3.56,-2.2
-0.000933,-3.56,-2.2
-0.000932,-3.6,-2.2
-0.000931,-3.6,-2.2
-0.00093,-3.64,-2.16
-0.000929,-3.64,-2.16
-0.000928,-3.64,-2.16
-0.000927,-3.68,-2.16
-0.000926,-3.68,-2.16
-0.000925,-3.68,-2.16
-0.000924,-3.68,-2.16
-0.000923,-3.68,-2.12
-0.000922,-3.72,-2.12
-0.000921,-3.72,-2.12
-0.00092,-3.72,-2.08
-0.000919,-3.72,-2.08
-0.000918,-3.76,-2.08
-0.000917,-3.76,-2.08
-0.000916,-3.76,-2.08
-0.000915,-3.76,-2.08
-0.000914,-3.8,-2.04
-0.000913,-3.8,-2.04
-0.000912,-3.8,-2
-0.000911,-3.8,-2
-0.00091,-3.8,-2
-0.000909,-3.8,-2
-0.000908,-3.84,-2
-0.000907,-3.84,-1.96
-0.000906,-3.84,-1.96
-0.000905,-3.84,-1.92
-0.000904,-3.84,-1.96
-0.000903,-3.88,-1.92
-0.000902,-3.84,-1.92
-0.000901,-3.84,-1.92
-0.0009,-3.84,-1.88
-0.000899,-3.88,-1.88
-0.000898,-3.88,-1.88
-0.000897,-3.88,-1.88
-0.000896,-3.88,-1.88
-0.000895,-3.88,-1.84
-0.000894,-3.88,-1.8
-0.000893,-3.88,-1.8
-0.000892,-3.88,-1.84
-0.000891,-3.92,-1.8
-0.00089,-3.88,-1.76
-0.000889,-3.88,-1.76
-0.000888,-3.88,-1.76
-0.000887,-3.88,-1.72
-0.000886,-3.92,-1.72
-0.000885,-3.92,-1.72
-0.000884,-3.92,-1.72
-0.000883,-3.92,-1.68
-0.000882,-3.92,-1.68
-0.000881,-3.88,-1.64
-0.00088,-3.88,-1.64
-0.000879,-3.88,-1.64
-0.000878,-3.88,-1.64
-0.000877,-3.92,-1.6
-0.000876,-3.92,-1.6
-0.000875,-3.92,-1.56
-0.000874,-3.88,-1.56
-0.000873,-3.88,-1.52
-0.000872,-3.88,-1.52
-0.000871,-3.88,-1.52
-0.00087,-3.88,-1.52
-0.000869,-3.88,-1.48
-0.000868,-3.88,-1.48
-0.000867,-3.88,-1.48
-0.000866,-3.88,-1.44
-0.000865,-3.84,-1.4
-0.000864,-3.88,-1.4
-0.000863,-3.84,-1.4
-0.000862,-3.84,-1.36
-0.000861,-3.84,-1.36
-0.00086,-3.84,-1.36
-0.000859,-3.84,-1.32
-0.000858,-3.8,-1.32
-0.000857,-3.8,-1.32
-0.000856,-3.8,-1.28
-0.000855,-3.8,-1.28
-0.000854,-3.8,-1.24
-0.000853,-3.8,-1.24
-0.000852,-3.76,-1.24
-0.000851,-3.76,-1.2
-0.00085,-3.76,-1.16
-0.000849,-3.76,-1.16
-0.000848,-3.76,-1.12
-0.000847,-3.76,-1.12
-0.000846,-3.72,-1.12
-0.000845,-3.72,-1.12
-0.000844,-3.72,-1.08
-0.000843,-3.68,-1.08
-0.000842,-3.68,-1.08
-0.000841,-3.68,-1.04
-0.00084,-3.68,-1
-0.000839,-3.68,-1
-0.000838,-3.64,-1
-0.000837,-3.64,-1
-0.000836,-3.64,-0.96
-0.000835,-3.64,-0.92
-0.000834,-3.6,-0.88
-0.000833,-3.6,-0.88
-0.000832,-3.56,-0.88
-0.000831,-3.6,-0.88
-0.00083,-3.56,-0.84
-0.000829,-3.52,-0.84
-0.000828,-3.52,-0.8
-0.000827,-3.52,-0.76
-0.000826,-3.52,-0.76
-0.000825,-3.48,-0.76
-0.000824,-3.48,-0.72
-0.000823,-3.48,-0.72
-0.000822,-3.44,-0.68
-0.000821,-3.4,-0.68
-0.00082,-3.4,-0.68
-0.000819,-3.4,-0.64
-0.000818,-3.36,-0.64
-0.000817,-3.36,-0.6
-0.000816,-3.32,-0.6
-0.000815,-3.32,-0.56
-0.000814,-3.32,-0.56
-0.000813,-3.28,-0.52
-0.000812,-3.28,-0.52
-0.000811,-3.28,-0.48
-0.00081,-3.24,-0.48
-0.000809,-3.24,-0.44
-0.000808,-3.2,-0.44
-0.000807,-3.16,-0.4
-0.000806,-3.16,-0.4
-0.000805,-3.16,-0.36
-0.000804,-3.16,-0.36
-0.000803,-3.12,-0.36
-0.000802,-3.08,-0.32
-0.000801,-3.08,-0.32
-0.0008,-3.08,-0.28
-0.000799,-3.04,-0.24
-0.000798,-3,-0.2
-0.000797,-3,-0.2
-0.000796,-3,-0.2
-0.000795,-2.96,-0.16
-0.000794,-2.96,-0.16
-0.000793,-2.92,-0.16
-0.000792,-2.92,-0.12
-0.000791,-2.88,-0.12
-0.00079,-2.84,-0.08
-0.000789,-2.84,-0.08
-0.000788,-2.8,-0.04
-0.000787,-2.8,-0.04
-0.000786,-2.76,0
-0.000785,-2.72,0.04
-0.000784,-2.72,0.04
-0.000783,-2.68,0.04
-0.000782,-2.68,0.08
-0.000781,-2.64,0.08
-0.00078,-2.64,0.12
-0.000779,-2.56,0.12
-0.000778,-2.56,0.16
-0.000777,-2.56,0.16
-0.000776,-2.52,0.2
-0.000775,-2.48,0.2
-0.000774,-2.48,0.24
-0.000773,-2.4,0.2
-0.000772,-2.4,0.28
-0.000771,-2.4,0.28
-0.00077,-2.36,0.32
-0.000769,-2.36,0.32
-0.000768,-2.32,0.36
-0.000767,-2.28,0.36
-0.000766,-2.28,0.36
-0.000765,-2.24,0.4
-0.000764,-2.2,0.44
-0.000763,-2.2,0.44
-0.000762,-2.16,0.44
-0.000761,-2.12,0.48
-0.00076,-2.08,0.52
-0.000759,-2.08,0.52
-0.000758,-2.08,0.52
-0.000757,-2.04,0.56
-0.000756,-2,0.56
-0.000755,-1.96,0.6
-0.000754,-1.92,0.6
-0.000753,-1.92,0.6
-0.000752,-1.88,0.64
-0.000751,-1.88,0.64
-0.00075,-1.84,0.68
-0.000749,-1.8,0.72
-0.000748,-1.76,0.72
-0.000747,-1.76,0.72
-0.000746,-1.72,0.72
-0.000745,-1.68,0.76
-0.000744,-1.64,0.8
-0.000743,-1.64,0.8
-0.000742,-1.6,0.8
-0.000741,-1.56,0.84
-0.00074,-1.56,0.88
-0.000739,-1.52,0.92
-0.000738,-1.48,0.88
-0.000737,-1.48,0.92
-0.000736,-1.44,0.92
-0.000735,-1.4,0.92
-0.000734,-1.4,0.96
-0.000733,-1.36,0.96
-0.000732,-1.32,0.96
-0.000731,-1.28,1
-0.00073,-1.24,1.04
-0.000729,-1.2,1.08
-0.000728,-1.2,1.08
-0.000727,-1.16,1.08
-0.000726,-1.08,1.12
-0.000725,-1.08,1.12
-0.000724,-1.08,1.12
-0.000723,-1.04,1.12
-0.000722,-1,1.16
-0.000721,-1,1.2
-0.00072,-0.92,1.2
-0.000719,-0.92,1.2
-0.000718,-0.88,1.24
-0.000717,-0.84,1.24
-0.000716,-0.84,1.24
-0.000715,-0.8,1.28
-0.000714,-0.76,1.28
-0.000713,-0.68,1.32
-0.000712,-0.68,1.32
-0.000711,-0.68,1.36
-0.00071,-0.64,1.36
-0.000709,-0.6,1.4
-0.000708,-0.56,1.4
-0.000707,-0.56,1.4
-0.000706,-0.52,1.44
-0.000705,-0.48,1.44
-0.000704,-0.48,1.48
-0.000703,-0.44,1.48
-0.000702,-0.36,1.48
-0.000701,-0.36,1.48
-0.0007,-0.32,1.48
-0.000699,-0.28,1.52
-0.000698,-0.24,1.56
-0.000697,-0.2,1.56
-0.000696,-0.2,1.6
-0.000695,-0.16,1.56
-0.000694,-0.12,1.6
-0.000693,-0.12,1.6
-0.000692,-0.04,1.64
-0.000691,0,1.64
-0.00069,0.04,1.64
-0.000689,0.04,1.68
-0.000688,0.08,1.68
-0.000687,0.12,1.68
-0.000686,0.12,1.72
-0.000685,0.16,1.72
-0.000684,0.2,1.72
-0.000683,0.24,1.76
-0.000682,0.28,1.76
-0.000681,0.32,1.76
-0.00068,0.36,1.76
-0.000679,0.36,1.8
-0.000678,0.4,1.8
-0.000677,0.44,1.8
-0.000676,0.48,1.84
-0.000675,0.48,1.84
-0.000674,0.52,1.84
-0.000673,0.56,1.84
-0.000672,0.6,1.88
-0.000671,0.6,1.88
-0.00067,0.64,1.88
-0.000669,0.68,1.88
-0.000668,0.72,1.92
-0.000667,0.76,1.92
-0.000666,0.76,1.96
-0.000665,0.8,1.96
-0.000664,0.84,1.96
-0.000663,0.88,1.96
-0.000662,0.92,2
-0.000661,0.92,2
-0.00066,0.92,2
-0.000659,1,2
-0.000658,1.04,2
-0.000657,1.04,2.04
-0.000656,1.08,2.04
-0.000655,1.12,2.08
-0.000654,1.16,2.08
-0.000653,1.16,2.08
-0.000652,1.2,2.08
-0.000651,1.24,2.08
-0.00065,1.24,2.12
-0.000649,1.28,2.12
-0.000648,1.36,2.12
-0.000647,1.36,2.12
-0.000646,1.36,2.16
-0.000645,1.4,2.16
-0.000644,1.44,2.16
-0.000643,1.48,2.16
-0.000642,1.48,2.16
-0.000641,1.52,2.16
-0.00064,1.56,2.16
-0.000639,1.6,2.2
-0.000638,1.6,2.2
-0.000637,1.64,2.2
-0.000636,1.68,2.2
-0.000635,1.68,2.2
-0.000634,1.72,2.24
-0.000633,1.76,2.24
-0.000632,1.76,2.24
-0.000631,1.8,2.24
-0.00063,1.84,2.24
-0.000629,1.88,2.28
-0.000628,1.88,2.28
-0.000627,1.92,2.24
-0.000626,1.96,2.24
-0.000625,1.96,2.28
-0.000624,2,2.28
-0.000623,2,2.28
-0.000622,2.04,2.28
-0.000621,2.12,2.32
-0.00062,2.12,2.32
-0.000619,2.12,2.32
-0.000618,2.16,2.32
-0.000617,2.16,2.32
-0.000616,2.2,2.32
-0.000615,2.24,2.36
-0.000614,2.28,2.36
-0.000613,2.32,2.36
-0.000612,2.32,2.32
-0.000611,2.36,2.32
-0.00061,2.36,2.36
-0.000609,2.4,2.36
-0.000608,2.44,2.36
-0.000607,2.44,2.36
-0.000606,2.48,2.36
-0.000605,2.48,2.36
-0.000604,2.52,2.36
-0.000603,2.56,2.36
-0.000602,2.6,2.36
-0.000601,2.6,2.36
-0.0006,2.6,2.36
-0.000599,2.64,2.36
-0.000598,2.64,2.4
-0.000597,2.68,2.36
-0.000596,2.72,2.36
-0.000595,2.76,2.36
-0.000594,2.76,2.36
-0.000593,2.8,2.36
-0.000592,2.8,2.36
-0.000591,2.84,2.36
-0.00059,2.88,2.36
-0.000589,2.88,2.36
-0.000588,2.88,2.36
-0.000587,2.92,2.4
-0.000586,2.92,2.36
-0.000585,2.96,2.36
-0.000584,2.96,2.36
-0.000583,3,2.36
-0.000582,3,2.36
-0.000581,3.04,2.36
-0.00058,3.04,2.36
-0.000579,3.04,2.36
-0.000578,3.08,2.36
-0.000577,3.12,2.36
-0.000576,3.12,2.36
-0.000575,3.16,2.36
-0.000574,3.16,2.36
-0.000573,3.16,2.36
-0.000572,3.2,2.36
-0.000571,3.2,2.32
-0.00057,3.24,2.36
-0.000569,3.24,2.32
-0.000568,3.28,2.32
-0.000567,3.28,2.32
-0.000566,3.32,2.32
-0.000565,3.32,2.32
-0.000564,3.36,2.28
-0.000563,3.36,2.28
-0.000562,3.36,2.28
-0.000561,3.4,2.32
-0.00056,3.4,2.28
-0.000559,3.4,2.24
-0.000558,3.4,2.28
-0.000557,3.44,2.28
-0.000556,3.44,2.28
-0.000555,3.48,2.28
-0.000554,3.48,2.24
-0.000553,3.48,2.24
-0.000552,3.52,2.24
-0.000551,3.52,2.24
-0.00055,3.56,2.24
-0.000549,3.56,2.2
-0.000548,3.56,2.2
-0.000547,3.6,2.16
-0.000546,3.6,2.2
-0.000545,3.6,2.2
-0.000544,3.6,2.2
-0.000543,3.6,2.16
-0.000542,3.64,2.16
-0.000541,3.64,2.16
-0.00054,3.64,2.16
-0.000539,3.64,2.16
-0.000538,3.72,2.12
-0.000537,3.68,2.12
-0.000536,3.68,2.12
-0.000535,3.72,2.12
-0.000534,3.72,2.08
-0.000533,3.72,2.08
-0.000532,3.72,2.08
-0.000531,3.72,2.08
-0.00053,3.76,2.08
-0.000529,3.76,2.04
-0.000528,3.76,2.04
-0.000527,3.8,2.04
-0.000526,3.8,2
-0.000525,3.8,2
-0.000524,3.8,2
-0.000523,3.8,2
-0.000522,3.8,1.96
-0.000521,3.84,1.96
-0.00052,3.84,1.96
-0.000519,3.84,1.96
-0.000518,3.84,1.92
-0.000517,3.84,1.92
-0.000516,3.88,1.92
-0.000515,3.84,1.88
-0.000514,3.84,1.88
-0.000513,3.88,1.88
-0.000512,3.84,1.84
-0.000511,3.88,1.84
-0.00051,3.88,1.84
-0.000509,3.88,1.84
-0.000508,3.88,1.84
-0.000507,3.88,1.8
-0.000506,3.88,1.76
-0.000505,3.88,1.76
-0.000504,3.92,1.76
-0.000503,3.88,1.76
-0.000502,3.88,1.72
-0.000501,3.88,1.72
-0.0005,3.88,1.72
-0.000499,3.88,1.72
-0.000498,3.88,1.68
-0.000497,3.88,1.68
-0.000496,3.88,1.64
-0.000495,3.92,1.64
-0.000494,3.88,1.64
-0.000493,3.88,1.64
-0.000492,3.88,1.6
-0.000491,3.92,1.6
-0.00049,3.88,1.6
-0.000489,3.88,1.6
-0.000488,3.88,1.56
-0.000487,3.88,1.52
-0.000486,3.88,1.52
-0.000485,3.88,1.48
-0.000484,3.88,1.52
-0.000483,3.84,1.48
-0.000482,3.84,1.44
-0.000481,3.84,1.44
-0.00048,3.84,1.44
-0.000479,3.84,1.4
-0.000478,3.84,1.4
-0.000477,3.84,1.36
-0.000476,3.8,1.36
-0.000475,3.84,1.36
-0.000474,3.8,1.36
-0.000473,3.8,1.32
-0.000472,3.8,1.32
-0.000471,3.8,1.32
-0.00047,3.8,1.28
-0.000469,3.8,1.28
-0.000468,3.76,1.24
-0.000467,3.76,1.24
-0.000466,3.76,1.2
-0.000465,3.72,1.16
-0.000464,3.72,1.2
-0.000463,3.72,1.16
-0.000462,3.72,1.16
-0.000461,3.68,1.12
-0.00046,3.68,1.08
-0.000459,3.68,1.12
-0.000458,3.68,1.08
-0.000457,3.68,1.08
-0.000456,3.64,1.04
-0.000455,3.64,1
-0.000454,3.64,1
-0.000453,3.64,1
-0.000452,3.6,0.96
-0.000451,3.6,0.96
-0.00045,3.6,0.92
-0.000449,3.56,0.92
-0.000448,3.52,0.92
-0.000447,3.56,0.88
-0.000446,3.52,0.88
-0.000445,3.48,0.88
-0.000444,3.52,0.84
-0.000443,3.48,0.84
-0.000442,3.48,0.8
-0.000441,3.48,0.8
-0.00044,3.44,0.76
-0.000439,3.44,0.76
-0.000438,3.4,0.72
-0.000437,3.4,0.68
-0.000436,3.4,0.68
-0.000435,3.36,0.68
-0.000434,3.36,0.64
-0.000433,3.36,0.6
-0.000432,3.36,0.6
-0.000431,3.32,0.6
-0.00043,3.32,0.6
-0.000429,3.28,0.56
-0.000428,3.28,0.52
-0.000427,3.24,0.52
-0.000426,3.24,0.52
-0.000425,3.2,0.48
-0.000424,3.2,0.44
-0.000423,3.16,0.44
-0.000422,3.16,0.44
-0.000421,3.16,0.4
-0.00042,3.12,0.36
-0.000419,3.08,0.36
-0.000418,3.08,0.36
-0.000417,3.04,0.32
-0.000416,3,0.32
-0.000415,3,0.32
-0.000414,3,0.28
-0.000413,3,0.24
-0.000412,2.96,0.2
-0.000411,2.96,0.2
-0.00041,2.92,0.2
-0.000409,2.88,0.16
-0.000408,2.88,0.12
-0.000407,2.88,0.12
-0.000406,2.84,0.12
-0.000405,2.84,0.08
-0.000404,2.8,0.08
-0.000403,2.76,0.08
-0.000402,2.76,0.04
-0.000401,2.76,0
-0.0004,2.68,0
-0.000399,2.68,-0.04
-0.000398,2.64,-0.04
-0.000397,2.64,-0.04
-0.000396,2.6,-0.08
-0.000395,2.6,-0.12
-0.000394,2.6,-0.12
-0.000393,2.56,-0.12
-0.000392,2.52,-0.12
-0.000391,2.52,-0.16
-0.00039,2.48,-0.2
-0.000389,2.48,-0.24
-0.000388,2.44,-0.24
-0.000387,2.4,-0.28
-0.000386,2.36,-0.24
-0.000385,2.32,-0.24
-0.000384,2.32,-0.32
-0.000383,2.28,-0.36
-0.000382,2.28,-0.36
-0.000381,2.24,-0.36
-0.00038,2.24,-0.36
-0.000379,2.2,-0.4
-0.000378,2.16,-0.4
-0.000377,2.12,-0.44
-0.000376,2.12,-0.48
-0.000375,2.08,-0.48
-0.000374,2.04,-0.48
-0.000373,2,-0.52
-0.000372,2,-0.56
-0.000371,1.96,-0.56
-0.00037,1.92,-0.56
-0.000369,1.92,-0.6
-0.000368,1.88,-0.64
-0.000367,1.88,-0.64
-0.000366,1.84,-0.64
-0.000365,1.8,-0.68
-0.000364,1.76,-0.68
-0.000363,1.76,-0.72
-0.000362,1.72,-0.72
-0.000361,1.68,-0.76
-0.00036,1.64,-0.76
-0.000359,1.64,-0.76
-0.000358,1.6,-0.8
-0.000357,1.56,-0.84
-0.000356,1.52,-0.84
-0.000355,1.52,-0.84
-0.000354,1.48,-0.88
-0.000353,1.44,-0.88
-0.000352,1.44,-0.92
-0.000351,1.4,-0.88
-0.00035,1.36,-0.92
-0.000349,1.32,-0.96
-0.000348,1.32,-0.96
-0.000347,1.28,-1
-0.000346,1.24,-1
-0.000345,1.2,-1.04
-0.000344,1.2,-1.08
-0.000343,1.16,-1.08
-0.000342,1.12,-1.08
-0.000341,1.12,-1.08
-0.00034,1.04,-1.12
-0.000339,1.04,-1.12
-0.000338,1,-1.12
-0.000337,1,-1.16
-0.000336,0.92,-1.16
-0.000335,0.92,-1.2
-0.000334,0.88,-1.2
-0.000333,0.88,-1.2
-0.000332,0.8,-1.28
-0.000331,0.8,-1.24
-0.00033,0.76,-1.28
-0.000329,0.72,-1.32
-0.000328,0.68,-1.32
-0.000327,0.68,-1.32
-0.000326,0.6,-1.36
-0.000325,0.6,-1.36
-0.000324,0.56,-1.36
-0.000323,0.56,-1.4
-0.000322,0.52,-1.4
-0.000321,0.48,-1.4
-0.00032,0.44,-1.44
-0.000319,0.4,-1.44
-0.000318,0.36,-1.48
-0.000317,0.36,-1.48
-0.000316,0.32,-1.48
-0.000315,0.28,-1.52
-0.000314,0.24,-1.52
-0.000313,0.24,-1.52
-0.000312,0.2,-1.52
-0.000311,0.16,-1.52
-0.00031,0.12,-1.56
-0.000309,0.12,-1.6
-0.000308,0.08,-1.6
-0.000307,0.04,-1.64
-0.000306,0,-1.64
-0.000305,0,-1.68
-0.000304,-0.08,-1.68
-0.000303,-0.12,-1.68
-0.000302,-0.16,-1.68
-0.000301,-0.16,-1.72
-0.0003,-0.2,-1.72
-0.000299,-0.24,-1.72
-0.000298,-0.24,-1.76
-0.000297,-0.28,-1.76
-0.000296,-0.32,-1.76
-0.000295,-0.36,-1.76
-0.000294,-0.4,-1.76
-0.000293,-0.44,-1.84
-0.000292,-0.48,-1.8
-0.000291,-0.52,-1.8
-0.00029,-0.52,-1.84
-0.000289,-0.56,-1.88
-0.000288,-0.6,-1.88
-0.000287,-0.64,-1.88
-0.000286,-0.64,-1.88
-0.000285,-0.68,-1.88
-0.000284,-0.72,-1.92
-0.000283,-0.72,-1.92
-0.000282,-0.76,-1.92
-0.000281,-0.8,-1.96
-0.00028,-0.84,-1.96
-0.000279,-0.88,-1.96
-0.000278,-0.88,-1.96
-0.000277,-0.92,-2
-0.000276,-0.96,-1.96
-0.000275,-0.96,-2
-0.000274,-1,-2
-0.000273,-1.04,-2.04
-0.000272,-1.08,-2.04
-0.000271,-1.12,-2.04
-0.00027,-1.12,-2.04
-0.000269,-1.16,-2.04
-0.000268,-1.2,-2.04
-0.000267,-1.2,-2.04
-0.000266,-1.28,-2.08
-0.000265,-1.28,-2.08
-0.000264,-1.32,-2.12
-0.000263,-1.36,-2.08
-0.000262,-1.36,-2.12
-0.000261,-1.4,-2.12
-0.00026,-1.44,-2.12
-0.000259,-1.48,-2.12
-0.000258,-1.48,-2.16
-0.000257,-1.52,-2.16
-0.000256,-1.56,-2.16
-0.000255,-1.6,-2.16
-0.000254,-1.6,-2.16
-0.000253,-1.64,-2.16
-0.000252,-1.68,-2.2
-0.000251,-1.68,-2.2
-0.00025,-1.72,-2.2
-0.000249,-1.76,-2.24
-0.000248,-1.76,-2.24
-0.000247,-1.8,-2.24
-0.000246,-1.84,-2.24
-0.000245,-1.88,-2.24
-0.000244,-1.92,-2.24
-0.000243,-1.92,-2.24
-0.000242,-1.96,-2.24
-0.000241,-1.96,-2.24
-0.00024,-2,-2.24
-0.000239,-2.04,-2.24
-0.000238,-2.08,-2.28
-0.000237,-2.08,-2.28
-0.000236,-2.08,-2.28
-0.000235,-2.16,-2.28
-0.000234,-2.2,-2.32
-0.000233,-2.2,-2.32
-0.000232,-2.24,-2.32
-0.000231,-2.24,-2.28
-0.00023,-2.28,-2.32
-0.000229,-2.32,-2.28
-0.000228,-2.32,-2.36
-0.000227,-2.32,-2.36
-0.000226,-2.36,-2.32
-0.000225,-2.4,-2.32
-0.000224,-2.4,-2.36
-0.000223,-2.44,-2.36
-0.000222,-2.48,-2.36
-0.000221,-2.48,-2.36
-0.00022,-2.52,-2.36
-0.000219,-2.56,-2.32
-0.000218,-2.56,-2.36
-0.000217,-2.6,-2.36
-0.000216,-2.6,-2.36
-0.000215,-2.64,-2.32
-0.000214,-2.68,-2.36
-0.000213,-2.68,-2.36
-0.000212,-2.72,-2.36
-0.000211,-2.72,-2.36
-0.00021,-2.76,-2.36
-0.000209,-2.76,-2.36
-0.000208,-2.8,-2.36
-0.000207,-2.84,-2.36
-0.000206,-2.84,-2.36
-0.000205,-2.84,-2.36
-0.000204,-2.88,-2.32
-0.000203,-2.92,-2.36
-0.000202,-2.92,-2.36
-0.000201,-2.96,-2.36
-0.0002,-3,-2.36
-0.000199,-3,-2.36
-0.000198,-3.04,-2.36
-0.000197,-3.04,-2.32
-0.000196,-3.08,-2.36
-0.000195,-3.08,-2.36
-0.000194,-3.08,-2.32
-0.000193,-3.12,-2.36
-0.000192,-3.16,-2.32
-0.000191,-3.16,-2.32
-0.00019,-3.16,-2.36
-0.000189,-3.16,-2.32
-0.000188,-3.2,-2.32
-0.000187,-3.24,-2.32
-0.000186,-3.24,-2.28
-0.000185,-3.28,-2.32
-0.000184,-3.28,-2.28
-0.000183,-3.32,-2.28
-0.000182,-3.32,-2.28
-0.000181,-3.32,-2.28
-0.00018,-3.36,-2.28
-0.000179,-3.36,-2.24
-0.000178,-3.4,-2.28
-0.000177,-3.4,-2.24
-0.000176,-3.44,-2.28
-0.000175,-3.44,-2.28
-0.000174,-3.44,-2.28
-0.000173,-3.44,-2.24
-0.000172,-3.44,-2.24
-0.000171,-3.48,-2.24
-0.00017,-3.52,-2.24
-0.000169,-3.52,-2.2
-0.000168,-3.52,-2.24
-0.000167,-3.56,-2.2
-0.000166,-3.56,-2.2
-0.000165,-3.56,-2.2
-0.000164,-3.56,-2.2
-0.000163,-3.6,-2.2
-0.000162,-3.6,-2.16
-0.000161,-3.64,-2.16
-0.00016,-3.64,-2.16
-0.000159,-3.64,-2.16
-0.000158,-3.64,-2.16
-0.000157,-3.68,-2.16
-0.000156,-3.68,-2.12
-0.000155,-3.68,-2.12
-0.000154,-3.72,-2.12
-0.000153,-3.72,-2.08
-0.000152,-3.72,-2.12
-0.000151,-3.72,-2.08
-0.00015,-3.72,-2.04
-0.000149,-3.72,-2.04
-0.000148,-3.76,-2.08
-0.000147,-3.76,-2.08
-0.000146,-3.76,-2
-0.000145,-3.8,-2
-0.000144,-3.8,-2.04
-0.000143,-3.8,-2
-0.000142,-3.8,-2
-0.000141,-3.84,-2
-0.00014,-3.8,-1.96
-0.000139,-3.8,-2
-0.000138,-3.84,-1.96
-0.000137,-3.84,-1.96
-0.000136,-3.84,-1.96
-0.000135,-3.84,-1.92
-0.000134,-3.84,-1.92
-0.000133,-3.84,-1.92
-0.000132,-3.84,-1.92
-0.000131,-3.88,-1.92
-0.00013,-3.88,-1.88
-0.000129,-3.88,-1.88
-0.000128,-3.88,-1.84
-0.000127,-3.88,-1.88
-0.000126,-3.88,-1.84
-0.000125,-3.88,-1.84
-0.000124,-3.88,-1.8
-0.000123,-3.88,-1.8
-0.000122,-3.88,-1.76
-0.000121,-3.88,-1.76
-0.00012,-3.88,-1.76
-0.000119,-3.92,-1.72
-0.000118,-3.92,-1.72
-0.000117,-3.88,-1.72
-0.000116,-3.92,-1.68
-0.000115,-3.92,-1.68
-0.000114,-3.88,-1.68
-0.000113,-3.92,-1.68
-0.000112,-3.88,-1.64
-0.000111,-3.88,-1.64
-0.00011,-3.92,-1.64
-0.000109,-3.92,-1.64
-0.000108,-3.88,-1.56
-0.000107,-3.92,-1.6
-0.000106,-3.88,-1.56
-0.000105,-3.88,-1.56
-0.000104,-3.92,-1.52
-0.000103,-3.88,-1.52
-0.000102,-3.88,-1.52
-0.000101,-3.88,-1.48
-0.0001,-3.88,-1.48
-9.9e-05,-3.88,-1.48
-9.8e-05,-3.88,-1.48
-9.7e-05,-3.88,-1.44
-9.6e-05,-3.88,-1.4
-9.5e-05,-3.88,-1.44
-9.4e-05,-3.84,-1.4
-9.3e-05,-3.84,-1.4
-9.2e-05,-3.84,-1.36
-9.1e-05,-3.84,-1.36
-9e-05,-3.84,-1.36
-8.9e-05,-3.84,-1.32
-8.8e-05,-3.84,-1.32
-8.7e-05,-3.8,-1.32
-8.6e-05,-3.8,-1.24
-8.5e-05,-3.8,-1.24
-8.4e-05,-3.8,-1.24
-8.3e-05,-3.76,-1.2
-8.2e-05,-3.76,-1.2
-8.1e-05,-3.8,-1.2
-8e-05,-3.76,-1.16
-7.9e-05,-3.72,-1.16
-7.8e-05,-3.76,-1.12
-7.7e-05,-3.72,-1.12
-7.6e-05,-3.72,-1.12
-7.5e-05,-3.72,-1.12
-7.4e-05,-3.72,-1.08
-7.3e-05,-3.68,-1.08
-7.2e-05,-3.68,-1.04
-7.1e-05,-3.68,-1
-7e-05,-3.64,-1
-6.9e-05,-3.64,-1
-6.8e-05,-3.6,-0.96
-6.7e-05,-3.64,-0.96
-6.6e-05,-3.6,-0.92
-6.5e-05,-3.6,-0.92
-6.4e-05,-3.6,-0.88
-6.3e-05,-3.6,-0.88
-6.2e-05,-3.56,-0.88
-6.1e-05,-3.56,-0.84
-6e-05,-3.56,-0.84
-5.9e-05,-3.52,-0.8
-5.8e-05,-3.52,-0.8
-5.7e-05,-3.52,-0.76
-5.6e-05,-3.48,-0.72
-5.5e-05,-3.48,-0.72
-5.4e-05,-3.44,-0.72
-5.3e-05,-3.44,-0.68
-5.2e-05,-3.44,-0.68
-5.1e-05,-3.4,-0.68
-5e-05,-3.4,-0.64
-4.9e-05,-3.4,-0.64
-4.8e-05,-3.36,-0.6
-4.7e-05,-3.36,-0.6
-4.6e-05,-3.32,-0.56
-4.5e-05,-3.32,-0.56
-4.4e-05,-3.32,-0.56
-4.3e-05,-3.28,-0.52
-4.2e-05,-3.28,-0.48
-4.1e-05,-3.24,-0.48
-4e-05,-3.24,-0.48
-3.9e-05,-3.2,-0.44
-3.8e-05,-3.2,-0.4
-3.7e-05,-3.16,-0.4
-3.6e-05,-3.16,-0.36
-3.5e-05,-3.16,-0.36
-3.4e-05,-3.12,-0.36
-3.3e-05,-3.08,-0.32
-3.2e-05,-3.08,-0.28
-3.1e-05,-3.04,-0.28
-3e-05,-3.04,-0.24
-2.9e-05,-3.04,-0.24
-2.8e-05,-3,-0.2
-2.7e-05,-2.96,-0.2
-2.6e-05,-2.96,-0.2
-2.5e-05,-2.96,-0.16
-2.4e-05,-2.92,-0.16
-2.3e-05,-2.88,-0.12
-2.2e-05,-2.92,-0.12
-2.1e-05,-2.88,-0.08
-2e-05,-2.84,-0.08
-1.9e-05,-2.8,-0.04
-1.8e-05,-2.8,-0.04
-1.7e-05,-2.76,-0.04
-1.6e-05,-2.76,0.04
-1.5e-05,-2.72,0.04
-1.4e-05,-2.68,0.08
-1.3e-05,-2.68,0.08
-1.2e-05,-2.64,0.08
-1.1e-05,-2.6,0.12
-1e-05,-2.6,0.12
-9e-06,-2.56,0.16
-8e-06,-2.56,0.16
-7e-06,-2.52,0.2
-6e-06,-2.48,0.2
-5e-06,-2.48,0.2
-4e-06,-2.44,0.24
-3e-06,-2.4,0.28
-2e-06,-2.4,0.28
-1e-06,-2.36,0.28
0,-2.32,0.32
1e-06,-2.32,0.32
2e-06,-2.32,0.36
3e-06,-2.28,0.36
4e-06,-2.24,0.4
5e-06,-2.2,0.44
6e-06,-2.2,0.44
7e-06,-2.2,0.44
8e-06,-2.12,0.52
9e-06,-2.12,0.52
1e-05,-2.08,0.52
1.1e-05,-2.04,0.52
1.2e-05,-2.04,0.56
1.3e-05,-2,0.56
1.4e-05,-2,0.6
1.5e-05,-1.96,0.6
1.6e-05,-1.92,0.64
1.7e-05,-1.92,0.64
1.8e-05,-1.88,0.64
1.9e-05,-1.84,0.68
2e-05,-1.84,0.68
2.1e-05,-1.76,0.72
2.2e-05,-1.76,0.72
2.3e-05,-1.72,0.72
2.4e-05,-1.68,0.76
2.5e-05,-1.64,0.8
2.6e-05,-1.64,0.8
2.7e-05,-1.6,0.84
2.8e-05,-1.56,0.84
2.9e-05,-1.56,0.84
3e-05,-1.52,0.88
3.1e-05,-1.48,0.92
3.2e-05,-1.48,0.92
3.3e-05,-1.44,0.92
3.4e-05,-1.4,0.92
3.5e-05,-1.36,0.96
3.6e-05,-1.32,0.96
3.7e-05,-1.32,1
3.8e-05,-1.28,1.04
3.9e-05,-1.24,1
4e-05,-1.24,1.04
4.1e-05,-1.2,1.04
4.2e-05,-1.16,1.08
4.3e-05,-1.16,1.12
4.4e-05,-1.08,1.08
4.5e-05,-1.08,1.12
4.6e-05,-1.04,1.16
4.7e-05,-1.04,1.16
4.8e-05,-1,1.16
4.9e-05,-0.92,1.16
5e-05,-0.92,1.2
5.1e-05,-0.88,1.24
5.2e-05,-0.88,1.24
5.3e-05,-0.84,1.24
5.4e-05,-0.8,1.28
5.5e-05,-0.8,1.32
5.6e-05,-0.72,1.28
5.7e-05,-0.68,1.36
5.8e-05,-0.68,1.36
5.9e-05,-0.64,1.36
6e-05,-0.6,1.36
6.1e-05,-0.6,1.4
6.2e-05,-0.56,1.4
6.3e-05,-0.52,1.4
6.4e-05,-0.48,1.44
6.5e-05,-0.44,1.44
6.6e-05,-0.44,1.48
6.7e-05,-0.4,1.48
6.8e-05,-0.36,1.48
6.9e-05,-0.28,1.52
7e-05,-0.28,1.52
7.1e-05,-0.24,1.56
7.2e-05,-0.2,1.56
7.3e-05,-0.2,1.56
7.4e-05,-0.16,1.56
7.5e-05,-0.12,1.6
7.6e-05,-0.08,1.6
7.7e-05,-0.04,1.6
7.8e-05,0,1.64
7.9e-05,0,1.68
8e-05,0.04,1.68
8.1e-05,0.08,1.68
8.2e-05,0.12,1.68
8.3e-05,0.12,1.68
8.4e-05,0.16,1.72
8.5e-05,0.2,1.72
8.6e-05,0.24,1.76
8.7e-05,0.24,1.76
8.8e-05,0.28,1.76
8.9e-05,0.32,1.8
9e-05,0.36,1.8
9.1e-05,0.4,1.8
9.2e-05,0.44,1.8
9.3e-05,0.44,1.84
9.4e-05,0.48,1.84
9.5e-05,0.52,1.88
9.6e-05,0.52,1.84
9.7e-05,0.56,1.84
9.8e-05,0.6,1.88
9.9e-05,0.64,1.92
0.0001,0.68,1.92
0.000101,0.68,1.92
0.000102,0.72,1.92
0.000103,0.76,1.92
0.000104,0.76,1.92
0.000105,0.84,1.96
0.000106,0.88,1.96
0.000107,0.88,2
0.000108,0.92,2
0.000109,0.92,2
0.00011,0.96,2
0.000111,1,2.04
0.000112,1.04,2.04
0.000113,1.08,2.04
0.000114,1.08,2.08
0.000115,1.12,2.08
0.000116,1.16,2.08
0.000117,1.2,2.08
0.000118,1.24,2.08
0.000119,1.24,2.12
0.00012,1.28,2.12
0.000121,1.32,2.12
0.000122,1.36,2.12
0.000123,1.36,2.12
0.000124,1.4,2.12
0.000125,1.44,2.16
0.000126,1.44,2.16
0.000127,1.44,2.16
0.000128,1.52,2.16
0.000129,1.52,2.2
0.00013,1.56,2.2
0.000131,1.6,2.16
0.000132,1.64,2.2
0.000133,1.64,2.24
0.000134,1.72,2.2
0.000135,1.72,2.24
0.000136,1.76,2.24
0.000137,1.76,2.24
0.000138,1.8,2.24
0.000139,1.8,2.24
0.00014,1.84,2.24
0.000141,1.88,2.24
0.000142,1.92,2.28
0.000143,1.92,2.28
0.000144,1.96,2.28
0.000145,2,2.28
0.000146,2,2.28
0.000147,2.04,2.28
0.000148,2.08,2.32
0.000149,2.12,2.28
0.00015,2.16,2.32
0.000151,2.16,2.32
0.000152,2.16,2.28
0.000153,2.24,2.32
0.000154,2.24,2.32
0.000155,2.28,2.32
0.000156,2.28,2.36
0.000157,2.32,2.32
0.000158,2.36,2.36
0.000159,2.36,2.36
0.00016,2.4,2.36
0.000161,2.44,2.32
0.000162,2.48,2.32
0.000163,2.48,2.36
0.000164,2.48,2.36
0.000165,2.52,2.36
0.000166,2.56,2.36
0.000167,2.56,2.4
0.000168,2.6,2.4
0.000169,2.6,2.36
0.00017,2.64,2.36
0.000171,2.68,2.36
0.000172,2.68,2.36
0.000173,2.72,2.4
0.000174,2.72,2.36
0.000175,2.76,2.36
0.000176,2.8,2.36
0.000177,2.8,2.4
0.000178,2.8,2.36
0.000179,2.84,2.36
0.00018,2.84,2.36
0.000181,2.88,2.36
0.000182,2.92,2.36
0.000183,2.92,2.36
0.000184,2.96,2.36
0.000185,2.96,2.36
0.000186,3,2.36
0.000187,3,2.36
0.000188,3,2.36
0.000189,3.04,2.36
0.00019,3.08,2.36
0.000191,3.12,2.36
0.000192,3.08,2.36
0.000193,3.12,2.36
0.000194,3.12,2.32
0.000195,3.16,2.32
0.000196,3.2,2.32
0.000197,3.2,2.32
0.000198,3.2,2.32
0.000199,3.24,2.32
0.0002,3.24,2.32
0.000201,3.28,2.32
0.000202,3.28,2.32
0.000203,3.28,2.32
0.000204,3.32,2.32
0.000205,3.32,2.32
0.000206,3.36,2.32
0.000207,3.36,2.32
0.000208,3.36,2.32
0.000209,3.4,2.28
0.00021,3.4,2.32
0.000211,3.4,2.32
0.000212,3.4,2.28
0.000213,3.44,2.28
0.000214,3.44,2.24
0.000215,3.48,2.24
0.000216,3.48,2.24
0.000217,3.52,2.24
0.000218,3.52,2.24
0.000219,3.52,2.2
0.00022,3.56,2.2
0.000221,3.56,2.24
0.000222,3.6,2.2
0.000223,3.6,2.2
0.000224,3.6,2.2
0.000225,3.6,2.16
0.000226,3.6,2.2
0.000227,3.64,2.16
0.000228,3.64,2.16
0.000229,3.64,2.16
0.00023,3.68,2.12
0.000231,3.68,2.16
0.000232,3.68,2.12
0.000233,3.68,2.12
0.000234,3.72,2.12
0.000235,3.72,2.12
0.000236,3.72,2.08
0.000237,3.72,2.08
0.000238,3.72,2.08
0.000239,3.72,2.08
0.00024,3.8,2.04
0.000241,3.76,2
0.000242,3.8,2.04
0.000243,3.8,2
0.000244,3.8,2
0.000245,3.8,2
0.000246,3.8,1.96
0.000247,3.84,1.96
0.000248,3.84,1.96
0.000249,3.8,1.96
0.00025,3.84,1.96
0.000251,3.84,1.92
0.000252,3.84,1.92
0.000253,3.84,1.88
0.000254,3.84,1.92
0.000255,3.88,1.88
0.000256,3.88,1.88
0.000257,3.88,1.84
0.000258,3.88,1.84
0.000259,3.88,1.84
0.00026,3.88,1.84
0.000261,3.88,1.8
0.000262,3.88,1.8
0.000263,3.88,1.8
0.000264,3.88,1.8
0.000265,3.88,1.76
0.000266,3.88,1.76
0.000267,3.88,1.76
0.000268,3.88,1.76
0.000269,3.88,1.72
0.00027,3.88,1.72
0.000271,3.92,1.68
0.000272,3.92,1.68
0.000273,3.88,1.68
0.000274,3.88,1.64
0.000275,3.88,1.64
0.000276,3.88,1.64
0.000277,3.88,1.6
0.000278,3.88,1.6
0.000279,3.88,1.6
0.00028,3.88,1.6
0.000281,3.88,1.56
0.000282,3.84,1.56
0.000283,3.88,1.52
0.000284,3.88,1.48
0.000285,3.88,1.48
0.000286,3.84,1.48
0.000287,3.88,1.48
0.000288,3.84,1.44
0.000289,3.84,1.4
0.00029,3.84,1.44
0.000291,3.84,1.4
0.000292,3.84,1.4
0.000293,3.84,1.4
0.000294,3.8,1.36
0.000295,3.8,1.36
0.000296,3.84,1.32
0.000297,3.8,1.32
0.000298,3.8,1.32
0.000299,3.8,1.28
0.0003,3.8,1.24
0.000301,3.8,1.24
0.000302,3.76,1.2
0.000303,3.72,1.2
0.000304,3.72,1.2
0.000305,3.72,1.2
0.000306,3.72,1.16
0.000307,3.72,1.16
0.000308,3.68,1.12
0.000309,3.68,1.12
0.00031,3.68,1.12
0.000311,3.68,1.08
0.000312,3.68,1.08
0.000313,3.64,1.04
0.000314,3.64,1.04
0.000315,3.6,1
0.000316,3.6,0.96
0.000317,3.6,0.96
0.000318,3.6,0.96
0.000319,3.6,0.92
0.00032,3.6,0.92
0.000321,3.6,0.92
0.000322,3.56,0.88
0.000323,3.52,0.88
0.000324,3.52,0.84
0.000325,3.52,0.84
0.000326,3.48,0.84
0.000327,3.48,0.8
0.000328,3.48,0.76
0.000329,3.48,0.76
0.00033,3.44,0.76
0.000331,3.4,0.72
0.000332,3.4,0.68
0.000333,3.4,0.68
0.000334,3.4,0.68
0.000335,3.36,0.64
0.000336,3.36,0.6
0.000337,3.36,0.6
0.000338,3.32,0.6
0.000339,3.32,0.56
0.00034,3.28,0.56
0.000341,3.28,0.52
0.000342,3.28,0.52
0.000343,3.24,0.52
0.000344,3.2,0.48
0.000345,3.2,0.44
0.000346,3.2,0.44
0.000347,3.16,0.44
0.000348,3.16,0.4
0.000349,3.12,0.4
0.00035,3.08,0.36
0.000351,3.08,0.36
0.000352,3.08,0.32
0.000353,3.04,0.32
0.000354,3,0.32
0.000355,3,0.28
0.000356,3,0.24
0.000357,2.96,0.24
0.000358,2.92,0.2
0.000359,2.92,0.2
0.00036,2.92,0.2
0.000361,2.88,0.16
0.000362,2.88,0.12
0.000363,2.84,0.12
0.000364,2.84,0.12
0.000365,2.8,0.08
0.000366,2.76,0.08
0.000367,2.76,0.08
0.000368,2.76,0.04
0.000369,2.72,0
0.00037,2.68,-0.04
0.000371,2.68,-0.04
0.000372,2.64,-0.04
0.000373,2.6,-0.08
0.000374,2.6,-0.08
0.000375,2.6,-0.12
0.000376,2.56,-0.12
0.000377,2.56,-0.12
0.000378,2.52,-0.16
0.000379,2.48,-0.2
0.00038,2.44,-0.2
0.000381,2.44,-0.2
0.000382,2.4,-0.24
0.000383,2.4,-0.28
0.000384,2.36,-0.28
0.000385,2.32,-0.32
0.000386,2.28,-0.36
0.000387,2.28,-0.36
0.000388,2.24,-0.36
0.000389,2.24,-0.4
0.00039,2.2,-0.4
0.000391,2.16,-0.4
0.000392,2.16,-0.44
0.000393,2.12,-0.44
0.000394,2.08,-0.48
0.000395,2.08,-0.48
0.000396,2.04,-0.48
0.000397,2,-0.56
0.000398,2,-0.56
0.000399,1.92,-0.6
0.0004,1.92,-0.6
0.000401,1.88,-0.6
0.000402,1.84,-0.64
0.000403,1.8,-0.68
0.000404,1.8,-0.68
0.000405,1.76,-0.72
0.000406,1.76,-0.68
0.000407,1.72,-0.72
0.000408,1.68,-0.72
0.000409,1.68,-0.76
0.00041,1.64,-0.8
0.000411,1.6,-0.8
0.000412,1.56,-0.84
0.000413,1.56,-0.84
0.000414,1.52,-0.84
0.000415,1.48,-0.88
0.000416,1.48,-0.88
0.000417,1.44,-0.92
0.000418,1.4,-0.92
0.000419,1.36,-0.92
0.00042,1.36,-0.96
0.000421,1.32,-0.96
0.000422,1.28,-1
0.000423,1.24,-1
0.000424,1.2,-1.04
0.000425,1.2,-1.04
0.000426,1.16,-1.04
0.000427,1.12,-1.08
0.000428,1.12,-1.12
0.000429,1.08,-1.12
0.00043,1.04,-1.12
0.000431,1,-1.16
0.000432,0.96,-1.16
0.000433,0.96,-1.16
0.000434,0.92,-1.2
0.000435,0.88,-1.2
0.000436,0.88,-1.24
0.000437,0.84,-1.24
0.000438,0.8,-1.28
0.000439,0.76,-1.28
0.00044,0.76,-1.32
0.000441,0.72,-1.32
0.000442,0.68,-1.32
0.000443,0.64,-1.36
0.000444,0.6,-1.36
0.000445,0.56,-1.36
0.000446,0.56,-1.4
0.000447,0.52,-1.4
0.000448,0.52,-1.44
0.000449,0.44,-1.44
0.00045,0.4,-1.44
0.000451,0.36,-1.48
0.000452,0.36,-1.48
0.000453,0.32,-1.52
0.000454,0.28,-1.48
0.000455,0.28,-1.52
0.000456,0.2,-1.52
0.000457,0.2,-1.56
0.000458,0.16,-1.56
0.000459,0.12,-1.56
0.00046,0.08,-1.6
0.000461,0.08,-1.6
0.000462,0.04,-1.6
0.000463,0.04,-1.64
0.000464,0,-1.64
0.000465,-0.04,-1.64
0.000466,-0.08,-1.68
0.000467,-0.12,-1.68
0.000468,-0.16,-1.72
0.000469,-0.16,-1.68
0.00047,-0.24,-1.72
0.000471,-0.24,-1.76
0.000472,-0.28,-1.76
0.000473,-0.28,-1.76
0.000474,-0.36,-1.76
0.000475,-0.4,-1.8
0.000476,-0.4,-1.8
0.000477,-0.44,-1.8
0.000478,-0.48,-1.84
0.000479,-0.52,-1.84
0.00048,-0.56,-1.84
0.000481,-0.6,-1.84
0.000482,-0.6,-1.88
0.000483,-0.6,-1.88
0.000484,-0.68,-1.92
0.000485,-0.68,-1.92
0.000486,-0.72,-1.92
0.000487,-0.76,-1.96
0.000488,-0.8,-1.96
0.000489,-0.84,-1.96
0.00049,-0.84,-1.96
0.000491,-0.88,-1.96
0.000492,-0.92,-1.96
0.000493,-0.96,-2
0.000494,-0.96,-1.96
0.000495,-1,-2
0.000496,-1.04,-2.04
0.000497,-1.08,-2.04
0.000498,-1.08,-2.04
0.000499,-1.12,-2.04
0.0005,-1.16,-2.04
0.000501,-1.2,-2.04
0.000502,-1.2,-2.04
0.000503,-1.24,-2.08
0.000504,-1.28,-2.08
0.000505,-1.32,-2.08
0.000506,-1.32,-2.12
0.000507,-1.36,-2.12
0.000508,-1.4,-2.12
0.000509,-1.44,-2.12
0.00051,-1.44,-2.16
0.000511,-1.48,-2.16
0.000512,-1.52,-2.12
0.000513,-1.56,-2.16
0.000514,-1.56,-2.2
0.000515,-1.6,-2.2
0.000516,-1.64,-2.2
0.000517,-1.64,-2.2
0.000518,-1.68,-2.2
0.000519,-1.72,-2.2
0.00052,-1.72,-2.2
0.000521,-1.76,-2.24
0.000522,-1.8,-2.2
0.000523,-1.84,-2.24
0.000524,-1.88,-2.24
0.000525,-1.92,-2.24
0.000526,-1.92,-2.24
0.000527,-1.92,-2.24
0.000528,-1.96,-2.28
0.000529,-2,-2.24
0.00053,-2.04,-2.24
0.000531,-2.04,-2.28
0.000532,-2.08,-2.24
0.000533,-2.08,-2.28
0.000534,-2.12,-2.28
0.000535,-2.16,-2.28
0.000536,-2.2,-2.28
0.000537,-2.24,-2.28
0.000538,-2.24,-2.32
0.000539,-2.24,-2.28
0.00054,-2.28,-2.28
0.000541,-2.32,-2.32
0.000542,-2.36,-2.32
0.000543,-2.36,-2.28
0.000544,-2.36,-2.36
0.000545,-2.4,-2.32
0.000546,-2.44,-2.32
0.000547,-2.48,-2.32
0.000548,-2.48,-2.32
0.000549,-2.52,-2.36
0.00055,-2.56,-2.36
0.000551,-2.56,-2.36
0.000552,-2.6,-2.36
0.000553,-2.6,-2.36
0.000554,-2.64,-2.36
0.000555,-2.64,-2.36
0.000556,-2.68,-2.36
0.000557,-2.72,-2.36
0.000558,-2.72,-2.36
0.000559,-2.76,-2.36
0.00056,-2.8,-2.32
0.000561,-2.8,-2.36
0.000562,-2.8,-2.36
0.000563,-2.84,-2.36
0.000564,-2.84,-2.32
0.000565,-2.92,-2.36
0.000566,-2.92,-2.36
0.000567,-2.92,-2.32
0.000568,-2.96,-2.36
0.000569,-2.96,-2.36
0.00057,-3,-2.36
0.000571,-3,-2.36
0.000572,-3.04,-2.32
0.000573,-3.08,-2.32
0.000574,-3.08,-2.36
0.000575,-3.08,-2.32
0.000576,-3.12,-2.36
0.000577,-3.16,-2.32
0.000578,-3.16,-2.32
0.000579,-3.16,-2.32
0.00058,-3.2,-2.32
0.000581,-3.2,-2.32
0.000582,-3.2,-2.32
0.000583,-3.24,-2.32
0.000584,-3.28,-2.32
0.000585,-3.28,-2.28
0.000586,-3.28,-2.32
0.000587,-3.32,-2.28
0.000588,-3.32,-2.28
0.000589,-3.32,-2.28
0.00059,-3.36,-2.28
0.000591,-3.4,-2.28
0.000592,-3.4,-2.28
0.000593,-3.4,-2.28
0.000594,-3.4,-2.28
0.000595,-3.44,-2.24
0.000596,-3.44,-2.28
0.000597,-3.48,-2.24
0.000598,-3.48,-2.24
0.000599,-3.48,-2.24
0.0006,-3.52,-2.24
0.000601,-3.52,-2.24
0.000602,-3.56,-2.2
0.000603,-3.56,-2.2
0.000604,-3.56,-2.16
0.000605,-3.56,-2.2
0.000606,-3.6,-2.2
0.000607,-3.6,-2.16
0.000608,-3.64,-2.2
0.000609,-3.64,-2.16
0.00061,-3.64,-2.16
0.000611,-3.64,-2.16
0.000612,-3.68,-2.12
0.000613,-3.68,-2.12
0.000614,-3.68,-2.16
0.000615,-3.68,-2.12
0.000616,-3.68,-2.12
0.000617,-3.72,-2.08
0.000618,-3.76,-2.08
0.000619,-3.72,-2.08
0.00062,-3.76,-2.08
0.000621,-3.76,-2.08
0.000622,-3.76,-2.08
0.000623,-3.76,-2.04
0.000624,-3.76,-2
0.000625,-3.8,-2
0.000626,-3.8,-2.04
0.000627,-3.8,-2.04
0.000628,-3.8,-2
0.000629,-3.8,-2
0.00063,-3.8,-1.96
0.000631,-3.8,-1.96
0.000632,-3.8,-1.96
0.000633,-3.84,-1.96
0.000634,-3.84,-1.92
0.000635,-3.84,-1.92
0.000636,-3.88,-1.92
0.000637,-3.84,-1.92
0.000638,-3.88,-1.92
0.000639,-3.88,-1.88
0.00064,-3.88,-1.88
0.000641,-3.84,-1.88
0.000642,-3.88,-1.88
0.000643,-3.88,-1.84
0.000644,-3.88,-1.84
0.000645,-3.88,-1.8
0.000646,-3.88,-1.8
0.000647,-3.88,-1.8
0.000648,-3.88,-1.76
0.000649,-3.88,-1.72
0.00065,-3.88,-1.76
0.000651,-3.88,-1.76
0.000652,-3.92,-1.72
0.000653,-3.92,-1.72
0.000654,-3.92,-1.68
0.000655,-3.92,-1.68
0.000656,-3.92,-1.68
0.000657,-3.88,-1.68
0.000658,-3.92,-1.64
0.000659,-3.92,-1.64
0.00066,-3.92,-1.6
0.000661,-3.88,-1.6
0.000662,-3.92,-1.6
0.000663,-3.88,-1.56
0.000664,-3.88,-1.56
0.000665,-3.88,-1.56
0.000666,-3.88,-1.52
0.000667,-3.88,-1.52
0.000668,-3.88,-1.48
0.000669,-3.88,-1.52
0.00067,-3.88,-1.48
0.000671,-3.88,-1.48
0.000672,-3.88,-1.48
0.000673,-3.84,-1.44
0.000674,-3.88,-1.4
0.000675,-3.88,-1.4
0.000676,-3.88,-1.4
0.000677,-3.84,-1.4
0.000678,-3.88,-1.36
0.000679,-3.8,-1.36
0.00068,-3.84,-1.32
0.000681,-3.84,-1.28
0.000682,-3.8,-1.32
0.000683,-3.8,-1.28
0.000684,-3.8,-1.24
0.000685,-3.8,-1.24
0.000686,-3.8,-1.2
0.000687,-3.8,-1.2
0.000688,-3.76,-1.2
0.000689,-3.76,-1.16
0.00069,-3.76,-1.16
0.000691,-3.76,-1.12
0.000692,-3.72,-1.12
0.000693,-3.72,-1.12
0.000694,-3.72,-1.12
0.000695,-3.72,-1.08
0.000696,-3.68,-1.08
0.000697,-3.68,-1
0.000698,-3.68,-1
0.000699,-3.68,-1
0.0007,-3.64,-1
0.000701,-3.64,-0.96
0.000702,-3.64,-0.92
0.000703,-3.64,-0.92
0.000704,-3.6,-0.92
0.000705,-3.6,-0.88
0.000706,-3.6,-0.88
0.000707,-3.56,-0.88
0.000708,-3.56,-0.84
0.000709,-3.56,-0.88
0.00071,-3.52,-0.84
0.000711,-3.52,-0.8
0.000712,-3.48,-0.76
0.000713,-3.48,-0.72
0.000714,-3.48,-0.72
0.000715,-3.48,-0.72
0.000716,-3.4,-0.72
0.000717,-3.44,-0.68
0.000718,-3.44,-0.68
0.000719,-3.4,-0.64
0.00072,-3.4,-0.64
0.000721,-3.36,-0.64
0.000722,-3.36,-0.6
0.000723,-3.32,-0.56
0.000724,-3.32,-0.56
0.000725,-3.32,-0.56
0.000726,-3.28,-0.52
0.000727,-3.28,-0.52
0.000728,-3.24,-0.48
0.000729,-3.24,-0.44
0.00073,-3.2,-0.44
0.000731,-3.2,-0.4
0.000732,-3.16,-0.4
0.000733,-3.16,-0.36
0.000734,-3.16,-0.4
0.000735,-3.12,-0.36
0.000736,-3.12,-0.32
0.000737,-3.08,-0.32
0.000738,-3.04,-0.28
0.000739,-3.04,-0.24
0.00074,-3.04,-0.2
0.000741,-3,-0.2
0.000742,-3,-0.2
0.000743,-2.96,-0.16
0.000744,-2.96,-0.16
0.000745,-2.92,-0.16
0.000746,-2.92,-0.16
0.000747,-2.88,-0.12
0.000748,-2.84,-0.08
0.000749,-2.84,-0.08
0.00075,-2.84,-0.04
0.000751,-2.8,-0.04
0.000752,-2.76,-0.04
0.000753,-2.76,0
0.000754,-2.76,0.04
0.000755,-2.68,0.08
0.000756,-2.68,0.08
0.000757,-2.64,0.08
0.000758,-2.64,0.08
0.000759,-2.6,0.12
0.00076,-2.6,0.12
0.000761,-2.56,0.16
0.000762,-2.48,0.16
0.000763,-2.48,0.16
0.000764,-2.48,0.2
0.000765,-2.44,0.24
0.000766,-2.4,0.28
0.000767,-2.4,0.32
0.000768,-2.36,0.28
0.000769,-2.36,0.28
0.00077,-2.32,0.36
0.000771,-2.32,0.36
0.000772,-2.28,0.4
0.000773,-2.24,0.36
0.000774,-2.24,0.4
0.000775,-2.2,0.4
0.000776,-2.2,0.44
0.000777,-2.12,0.48
0.000778,-2.12,0.48
0.000779,-2.08,0.52
0.00078,-2.04,0.52
0.000781,-2.04,0.52
0.000782,-2,0.56
0.000783,-2,0.6
0.000784,-1.96,0.6
0.000785,-1.92,0.6
0.000786,-1.92,0.64
0.000787,-1.88,0.68
0.000788,-1.88,0.68
0.000789,-1.84,0.68
0.00079,-1.8,0.72
0.000791,-1.76,0.72
0.000792,-1.76,0.72
0.000793,-1.72,0.76
0.000794,-1.64,0.76
0.000795,-1.64,0.8
0.000796,-1.6,0.8
0.000797,-1.6,0.84
0.000798,-1.56,0.88
0.000799,-1.52,0.88
0.0008,-1.52,0.88
0.000801,-1.48,0.92
0.000802,-1.44,0.92
0.000803,-1.4,0.96
0.000804,-1.4,0.96
0.000805,-1.36,0.96
0.000806,-1.32,0.96
0.000807,-1.28,1.04
0.000808,-1.28,1.04
0.000809,-1.24,1.04
0.00081,-1.2,1.08
0.000811,-1.16,1.08
0.000812,-1.16,1.08
0.000813,-1.08,1.12
0.000814,-1.08,1.16
0.000815,-1.04,1.16
0.000816,-1.04,1.16
0.000817,-0.96,1.2
0.000818,-0.96,1.2
0.000819,-0.96,1.2
0.00082,-0.88,1.2
0.000821,-0.88,1.24
0.000822,-0.84,1.28
0.000823,-0.8,1.28
0.000824,-0.76,1.32
0.000825,-0.72,1.32
0.000826,-0.68,1.32
0.000827,-0.68,1.32
0.000828,-0.64,1.36
0.000829,-0.6,1.4
0.00083,-0.6,1.4
0.000831,-0.56,1.4
0.000832,-0.52,1.4
0.000833,-0.52,1.44
0.000834,-0.48,1.44
0.000835,-0.4,1.48
0.000836,-0.4,1.48
0.000837,-0.36,1.48
0.000838,-0.32,1.52
0.000839,-0.28,1.52
0.00084,-0.24,1.56
0.000841,-0.24,1.56
0.000842,-0.2,1.56
0.000843,-0.16,1.6
0.000844,-0.12,1.6
0.000845,-0.08,1.6
0.000846,-0.04,1.6
0.000847,-0.04,1.64
0.000848,0,1.68
0.000849,0.04,1.64
0.00085,0.08,1.68
0.000851,0.12,1.68
0.000852,0.12,1.68
0.000853,0.16,1.72
0.000854,0.16,1.72
0.000855,0.24,1.76
0.000856,0.24,1.76
0.000857,0.28,1.76
0.000858,0.32,1.76
0.000859,0.36,1.8
0.00086,0.4,1.8
0.000861,0.44,1.8
0.000862,0.44,1.84
0.000863,0.48,1.84
0.000864,0.52,1.88
0.000865,0.52,1.88
0.000866,0.56,1.88
0.000867,0.6,1.88
0.000868,0.64,1.88
0.000869,0.68,1.92
0.00087,0.72,1.92
0.000871,0.72,1.92
0.000872,0.76,1.92
0.000873,0.8,1.96
0.000874,0.84,1.96
0.000875,0.84,1.96
0.000876,0.88,2
0.000877,0.88,2
0.000878,0.96,2
0.000879,1,2
0.00088,1,2.04
0.000881,1,2
0.000882,1.04,2
0.000883,1.08,2.04
0.000884,1.12,2.08
0.000885,1.16,2.08
0.000886,1.16,2.08
0.000887,1.2,2.12
0.000888,1.28,2.12
0.000889,1.28,2.12
0.00089,1.28,2.12
0.000891,1.32,2.12
0.000892,1.36,2.12
0.000893,1.4,2.16
0.000894,1.44,2.16
0.000895,1.48,2.16
0.000896,1.48,2.16
0.000897,1.48,2.16
0.000898,1.56,2.16
0.000899,1.56,2.2
0.0009,1.6,2.2
0.000901,1.64,2.2
0.000902,1.64,2.2
0.000903,1.72,2.2
0.000904,1.72,2.24
0.000905,1.76,2.24
0.000906,1.76,2.24
0.000907,1.8,2.24
0.000908,1.8,2.24
0.000909,1.84,2.28
0.00091,1.88,2.24
0.000911,1.92,2.24
0.000912,1.92,2.28
0.000913,1.96,2.28
0.000914,2,2.28
0.000915,2,2.28
0.000916,2.04,2.32
0.000917,2.08,2.32
0.000918,2.08,2.32
0.000919,2.12,2.32
0.00092,2.16,2.28
0.000921,2.2,2.32
0.000922,2.2,2.32
0.000923,2.24,2.32
0.000924,2.28,2.32
0.000925,2.28,2.32
0.000926,2.32,2.32
0.000927,2.36,2.36
0.000928,2.4,2.32
0.000929,2.4,2.36
0.00093,2.44,2.36
0.000931,2.48,2.36
0.000932,2.48,2.36
0.000933,2.52,2.36
0.000934,2.52,2.36
0.000935,2.56,2.36
0.000936,2.56,2.36
0.000937,2.6,2.36
0.000938,2.6,2.36
0.000939,2.6,2.36
0.00094,2.64,2.36
0.000941,2.68,2.36
0.000942,2.68,2.36
0.000943,2.72,2.36
0.000944,2.72,2.36
0.000945,2.8,2.36
0.000946,2.8,2.36
0.000947,2.84,2.36
0.000948,2.84,2.36
0.000949,2.88,2.4
0.00095,2.88,2.36
0.000951,2.88,2.36
0.000952,2.92,2.36
0.000953,2.92,2.4
0.000954,2.96,2.36
0.000955,2.96,2.36
0.000956,3,2.36
0.000957,3,2.36
0.000958,3.04,2.36
0.000959,3.04,2.36
0.00096,3.08,2.36
0.000961,3.12,2.36
0.000962,3.12,2.36
0.000963,3.12,2.32
0.000964,3.16,2.32
0.000965,3.2,2.32
0.000966,3.2,2.32
0.000967,3.2,2.36
0.000968,3.24,2.32
0.000969,3.24,2.36
0.00097,3.24,2.36
0.000971,3.28,2.32
0.000972,3.32,2.32
0.000973,3.32,2.32
0.000974,3.36,2.32
0.000975,3.36,2.32
0.000976,3.36,2.32
0.000977,3.36,2.32
0.000978,3.4,2.28
0.000979,3.4,2.28
0.00098,3.4,2.28
0.000981,3.44,2.28
0.000982,3.44,2.28
0.000983,3.48,2.24
0.000984,3.48,2.24
0.000985,3.52,2.24
0.000986,3.52,2.24
0.000987,3.52,2.24
0.000988,3.52,2.2
0.000989,3.56,2.24
0.00099,3.56,2.2
0.000991,3.56,2.2
0.000992,3.6,2.2
0.000993,3.6,2.16
0.000994,3.6,2.16
0.000995,3.64,2.16
0.000996,3.64,2.16
0.000997,3.64,2.16
0.000998,3.64,2.16
0.000999,3.64,2.12
0.001,3.64,2.12
0.001001,3.72,2.12
0.001002,3.68,2.12
0.001003,3.72,2.12
0.001004,3.72,2.12
0.001005,3.72,2.12
0.001006,3.72,2.08
0.001007,3.76,2.08
0.001008,3.76,2.08
0.001009,3.76,2.04
0.00101,3.76,2.04
0.001011,3.8,2.04
0.001012,3.8,2
0.001013,3.8,2
0.001014,3.8,2
0.001015,3.84,2
0.001016,3.84,2
0.001017,3.84,1.96
0.001018,3.84,1.96
0.001019,3.84,1.96
0.00102,3.84,1.96
0.001021,3.84,1.92
0.001022,3.88,1.92
0.001023,3.84,1.92
0.001024,3.84,1.88
0.001025,3.88,1.88
0.001026,3.84,1.88
0.001027,3.88,1.88
0.001028,3.88,1.84
0.001029,3.88,1.84
0.00103,3.88,1.84
0.001031,3.88,1.8
0.001032,3.88,1.8
0.001033,3.88,1.8
0.001034,3.88,1.76
0.001035,3.88,1.8
0.001036,3.88,1.76
0.001037,3.88,1.72
0.001038,3.88,1.72
0.001039,3.88,1.72
0.00104,3.88,1.72
0.001041,3.88,1.72
0.001042,3.92,1.68
0.001043,3.88,1.64
0.001044,3.88,1.64
0.001045,3.88,1.64
0.001046,3.92,1.64
0.001047,3.88,1.64
0.001048,3.88,1.6
0.001049,3.88,1.56
0.00105,3.88,1.56
0.001051,3.88,1.52
0.001052,3.88,1.52
0.001053,3.88,1.48
0.001054,3.88,1.52
0.001055,3.88,1.48
0.001056,3.84,1.44
0.001057,3.84,1.44
0.001058,3.84,1.44
0.001059,3.84,1.4
0.00106,3.84,1.4
0.001061,3.84,1.4
0.001062,3.84,1.36
0.001063,3.84,1.36
0.001064,3.84,1.36
0.001065,3.8,1.36
0.001066,3.8,1.32
0.001067,3.8,1.32
0.001068,3.8,1.28
0.001069,3.76,1.28
0.00107,3.8,1.24
0.001071,3.76,1.2
0.001072,3.76,1.2
0.001073,3.76,1.2
0.001074,3.76,1.2
0.001075,3.72,1.16
0.001076,3.72,1.16
0.001077,3.72,1.12
0.001078,3.68,1.12
0.001079,3.68,1.12
0.00108,3.68,1.08
0.001081,3.68,1.08
0.001082,3.64,1.08
0.001083,3.64,1
0.001084,3.64,1
0.001085,3.64,1.04
0.001086,3.6,0.96
0.001087,3.6,0.96
0.001088,3.6,0.92
0.001089,3.56,0.92
0.00109,3.56,0.92
0.001091,3.56,0.92
0.001092,3.56,0.92
0.001093,3.56,0.88
0.001094,3.52,0.84
0.001095,3.48,0.8
0.001096,3.48,0.8
0.001097,3.48,0.8
0.001098,3.48,0.76
0.001099,3.44,0.72
0.0011,3.44,0.72
0.001101,3.4,0.68
0.001102,3.4,0.68
0.001103,3.36,0.68
0.001104,3.36,0.64
0.001105,3.36,0.64
0.001106,3.36,0.64
0.001107,3.32,0.56
0.001108,3.28,0.56
0.001109,3.32,0.56
0.00111,3.24,0.52
0.001111,3.24,0.52
0.001112,3.24,0.52
0.001113,3.24,0.52
0.001114,3.24,0.48
0.001115,3.16,0.44
0.001116,3.2,0.4
0.001117,3.16,0.4
0.001118,3.12,0.36
0.001119,3.12,0.36
0.00112,3.12,0.36
0.001121,3.04,0.36
0.001122,3.04,0.36
0.001123,3.04,0.28
0.001124,3,0.28
0.001125,3,0.28
0.001126,2.96,0.24
0.001127,2.96,0.2
0.001128,2.96,0.2
0.001129,2.92,0.2
0.00113,2.88,0.16
0.001131,2.88,0.12
0.001132,2.84,0.12
0.001133,2.84,0.12
0.001134,2.8,0.08
0.001135,2.76,0.08
0.001136,2.76,0.08
0.001137,2.76,0.04
0.001138,2.72,0.04
0.001139,2.68,0
0.00114,2.64,-0.04
0.001141,2.64,-0.04
0.001142,2.6,-0.08
0.001143,2.6,-0.08
0.001144,2.6,-0.12
0.001145,2.56,-0.12
0.001146,2.52,-0.12
0.001147,2.52,-0.16
0.001148,2.48,-0.2
0.001149,2.48,-0.2
0.00115,2.44,-0.24
0.001151,2.44,-0.24
0.001152,2.4,-0.24
0.001153,2.36,-0.28
0.001154,2.32,-0.32
0.001155,2.32,-0.36
0.001156,2.28,-0.36
0.001157,2.24,-0.36
0.001158,2.2,-0.4
0.001159,2.2,-0.4
0.00116,2.2,-0.44
0.001161,2.16,-0.44
0.001162,2.12,-0.44
0.001163,2.08,-0.48
0.001164,2.08,-0.48
0.001165,2.04,-0.52
0.001166,2,-0.52
0.001167,2,-0.56
0.001168,1.96,-0.6
0.001169,1.92,-0.6
0.00117,1.92,-0.64
0.001171,1.88,-0.6
0.001172,1.88,-0.64
0.001173,1.8,-0.68
0.001174,1.8,-0.68
0.001175,1.76,-0.72
0.001176,1.76,-0.72
0.001177,1.72,-0.72
0.001178,1.64,-0.72
0.001179,1.64,-0.76
0.00118,1.64,-0.8
0.001181,1.6,-0.8
0.001182,1.56,-0.8
0.001183,1.52,-0.84
0.001184,1.52,-0.88
0.001185,1.48,-0.88
0.001186,1.44,-0.88
0.001187,1.4,-0.92
0.001188,1.36,-0.92
0.001189,1.36,-0.96
0.00119,1.36,-0.96
0.001191,1.28,-0.96
0.001192,1.28,-1
0.001193,1.24,-1.04
0.001194,1.2,-1.08
0.001195,1.16,-1.08
0.001196,1.16,-1.12
0.001197,1.12,-1.12
0.001198,1.08,-1.12
0.001199,1.04,-1.12
0.0012,1,-1.12
0.001201,1,-1.16
0.001202,0.96,-1.16
0.001203,0.92,-1.16
0.001204,0.88,-1.2
0.001205,0.88,-1.2
0.001206,0.84,-1.24
0.001207,0.8,-1.24
0.001208,0.76,-1.28
0.001209,0.76,-1.32
0.00121,0.72,-1.32
0.001211,0.68,-1.32
0.001212,0.64,-1.32
0.001213,0.64,-1.36
0.001214,0.56,-1.4
0.001215,0.56,-1.4
0.001216,0.52,-1.4
0.001217,0.52,-1.44
0.001218,0.48,-1.44
0.001219,0.44,-1.44
0.00122,0.4,-1.48
0.001221,0.36,-1.48
0.001222,0.32,-1.48
0.001223,0.32,-1.52
0.001224,0.24,-1.52
0.001225,0.24,-1.52
0.001226,0.2,-1.52
0.001227,0.16,-1.52
0.001228,0.16,-1.6
0.001229,0.12,-1.6
0.00123,0.08,-1.6
0.001231,0.08,-1.6
0.001232,0.04,-1.6
0.001233,0,-1.64
0.001234,-0.04,-1.64
0.001235,-0.08,-1.68
0.001236,-0.12,-1.68
0.001237,-0.16,-1.72
0.001238,-0.16,-1.72
0.001239,-0.2,-1.72
0.00124,-0.24,-1.72
0.001241,-0.28,-1.76
0.001242,-0.28,-1.76
0.001243,-0.32,-1.76
0.001244,-0.36,-1.8
0.001245,-0.4,-1.8
0.001246,-0.44,-1.8
0.001247,-0.48,-1.84
0.001248,-0.52,-1.84
0.001249,-0.52,-1.84
