time,V(vout)
0.000000000000000e+000,1.366359e-001
7.868966949819978e-006,1.389888e-001
1.836092288276525e-005,1.424426e-001
3.836092288267423e-005,1.495463e-001
5.836092288258321e-005,1.570128e-001
7.836092288249219e-005,1.645762e-001
9.836092288240117e-005,1.719210e-001
1.183609228823102e-004,1.787924e-001
1.383609228822191e-004,1.849810e-001
1.583609228821281e-004,1.903137e-001
1.783609228820371e-004,1.946498e-001
1.983609228819461e-004,1.978803e-001
2.183609228818551e-004,1.999267e-001
2.383609228817640e-004,2.007412e-001
2.583609228816730e-004,2.003060e-001
2.783609228815820e-004,1.986336e-001
2.983609228814910e-004,1.957665e-001
3.183609228813999e-004,1.917771e-001
3.383609228813089e-004,1.867678e-001
3.583609228812179e-004,1.808707e-001
3.783609228811269e-004,1.742492e-001
3.983609228810359e-004,1.670995e-001
4.183609228809448e-004,1.596550e-001
4.383609228808538e-004,1.521958e-001
4.583609228807628e-004,1.450673e-001
4.783609228806718e-004,1.387219e-001
4.983609228805808e-004,1.338215e-001
5.183609228804897e-004,1.316290e-001
5.383609228803987e-004,1.356555e-001
5.583609228803077e-004,2.787285e-001
5.783609228802167e-004,8.696246e-001
5.983609228801257e-004,1.916612e+000
6.183609228800346e-004,3.026113e+000
6.383609228799436e-004,3.971387e+000
6.583609228798526e-004,4.748026e+000
6.783609228797616e-004,5.356105e+000
6.983609228796706e-004,5.798638e+000
7.183609228795795e-004,6.079762e+000
7.383609228794885e-004,6.202964e+000
7.583609228793975e-004,6.169715e+000
7.783609228793065e-004,5.978796e+000
7.983609228792155e-004,5.626423e+000
8.183609228791244e-004,5.107178e+000
8.383609228790334e-004,4.415560e+000
8.583609228789424e-004,3.547846e+000
8.783609228788514e-004,2.503888e+000
8.983609228787604e-004,1.345610e+000
9.183609228786693e-004,4.548833e-001
9.383609228785783e-004,1.450012e-001
9.583609228784873e-004,1.322632e-001
9.783609228783963e-004,1.326092e-001
9.983609228783053e-004,1.366990e-001
1.018360922878214e-003,1.426720e-001
1.038360922878123e-003,1.496595e-001
1.058360922878032e-003,1.571383e-001
1.078360922877941e-003,1.647117e-001
1.098360922877850e-003,1.720611e-001
1.118360922877759e-003,1.789353e-001
1.138360922877668e-003,1.851259e-001
1.158360922877577e-003,1.904596e-001
1.178360922877486e-003,1.947962e-001
1.198360922877395e-003,1.980266e-001
1.218360922877304e-003,2.000726e-001
1.238360922877213e-003,2.008861e-001
1.258360922877122e-003,2.004495e-001
1.278360922877031e-003,1.987753e-001
1.298360922876940e-003,1.959061e-001
1.318360922876849e-003,1.919142e-001
1.338360922876758e-003,1.869017e-001
1.358360922876667e-003,1.810010e-001
1.378360922876576e-003,1.743751e-001
1.398360922876485e-003,1.672200e-001
1.418360922876394e-003,1.597688e-001
1.438360922876303e-003,1.523010e-001
1.458360922876212e-003,1.451608e-001
1.478360922876121e-003,1.387989e-001
1.498360922876030e-003,1.338727e-001
1.518360922875939e-003,1.316311e-001
1.538360922875848e-003,1.355113e-001
1.558360922875757e-003,2.734565e-001
1.578360922875666e-003,8.546020e-001
1.598360922875575e-003,1.897228e+000
1.618360922875484e-003,3.007472e+000
1.638360922875393e-003,3.953471e+000
1.658360922875302e-003,4.730790e+000
1.678360922875211e-003,5.339466e+000
1.698360922875120e-003,5.782477e+000
1.718360922875029e-003,6.063930e+000
1.738360922874938e-003,6.187287e+000
1.758360922874847e-003,6.154014e+000
1.778360922874755e-003,5.962891e+000
1.798360922874664e-003,5.610148e+000
1.818360922874573e-003,5.090397e+000
1.838360922874482e-003,4.398167e+000
1.858360922874391e-003,3.529776e+000
1.878360922874300e-003,2.485113e+000
1.898360922874209e-003,1.330688e+000
1.918360922874118e-003,4.489973e-001
1.938360922874027e-003,1.444272e-001
1.958360922873936e-003,1.322245e-001
1.978360922873845e-003,1.326424e-001
1.998360922873754e-003,1.367626e-001
2.018360922873663e-003,1.427528e-001
2.038360922873572e-003,1.497512e-001
2.058360922873481e-003,1.572371e-001
2.078360922873390e-003,1.648154e-001
2.098360922873299e-003,1.721681e-001
2.118360922873208e-003,1.790446e-001
2.138360922873117e-003,1.852367e-001
2.158360922873026e-003,1.905713e-001
2.178360922872935e-003,1.949082e-001
2.198360922872844e-003,1.981385e-001
2.218360922872753e-003,2.001840e-001
2.238360922872662e-003,2.009968e-001
2.258360922872571e-003,2.005592e-001
2.278360922872480e-003,1.988837e-001
2.298360922872389e-003,1.960129e-001
2.318360922872298e-003,1.920190e-001
2.338360922872207e-003,1.870042e-001
2.358360922872116e-003,1.811007e-001
2.378360922872025e-003,1.744714e-001
2.398360922871934e-003,1.673122e-001
2.418360922871843e-003,1.598559e-001
2.438360922871752e-003,1.523815e-001
2.458360922871661e-003,1.452325e-001
2.478360922871570e-003,1.388580e-001
2.498360922871479e-003,1.339121e-001
2.518360922871388e-003,1.316333e-001
2.538360922871297e-003,1.354040e-001
2.558360922871206e-003,2.694185e-001
2.578360922871115e-003,8.430938e-001
2.598360922871024e-003,1.882392e+000
2.618360922870933e-003,2.993214e+000
2.638360922870842e-003,3.939765e+000
2.658360922870751e-003,4.717604e+000
2.678360922870660e-003,5.326735e+000
2.698360922870569e-003,5.770112e+000
2.718360922870478e-003,6.051814e+000
2.738360922870387e-003,6.175291e+000
2.758360922870295e-003,6.141998e+000
2.778360922870204e-003,5.950719e+000
2.798360922870113e-003,5.597696e+000
2.818360922870022e-003,5.077557e+000
2.838360922869931e-003,4.384861e+000
2.858360922869840e-003,3.515954e+000
2.878360922869749e-003,2.470752e+000
2.898360922869658e-003,1.319355e+000
2.918360922869567e-003,4.446584e-001
2.938360922869476e-003,1.440711e-001
2.958360922869385e-003,1.321960e-001
2.978360922869294e-003,1.326680e-001
2.998360922869203e-003,1.368114e-001
3.018360922869112e-003,1.428147e-001
3.038360922869021e-003,1.498214e-001
3.058360922868930e-003,1.573128e-001
3.078360922868839e-003,1.648947e-001
3.098360922868748e-003,1.722500e-001
3.118360922868657e-003,1.791282e-001
3.138360922868566e-003,1.853214e-001
3.158360922868475e-003,1.906566e-001
3.178360922868384e-003,1.949938e-001
3.198360922868293e-003,1.982241e-001
3.218360922868202e-003,2.002693e-001
3.238360922868111e-003,2.010815e-001
3.258360922868020e-003,2.006431e-001
3.278360922867929e-003,1.989666e-001
3.298360922867838e-003,1.960945e-001
3.318360922867747e-003,1.920991e-001
3.338360922867656e-003,1.870825e-001
3.358360922867565e-003,1.811769e-001
3.378360922867474e-003,1.745450e-001
3.398360922867383e-003,1.673827e-001
3.418360922867292e-003,1.599225e-001
3.438360922867201e-003,1.524430e-001
3.458360922867110e-003,1.452873e-001
3.478360922867019e-003,1.389032e-001
3.498360922866928e-003,1.339425e-001
3.518360922866837e-003,1.316354e-001
3.538360922866746e-003,1.353235e-001
3.558360922866655e-003,2.663232e-001
3.578360922866564e-003,8.342746e-001
3.598360922866473e-003,1.871037e+000
3.618360922866382e-003,2.982310e+000
3.638360922866291e-003,3.929284e+000
3.658360922866200e-003,4.707519e+000
3.678360922866109e-003,5.316998e+000
3.698360922866018e-003,5.760653e+000
3.718360922865927e-003,6.042546e+000
3.738360922865835e-003,6.166114e+000
3.758360922865744e-003,6.132807e+000
3.778360922865653e-003,5.941409e+000
3.798360922865562e-003,5.588171e+000
3.818360922865471e-003,5.067738e+000
3.838360922865380e-003,4.374686e+000
3.858360922865289e-003,3.505384e+000
3.878360922865198e-003,2.459771e+000
3.898360922865107e-003,1.310671e+000
3.918360922865016e-003,4.413034e-001
3.938360922864925e-003,1.437802e-001
3.958360922864834e-003,1.321746e-001
3.978360922864743e-003,1.326879e-001
3.998360922864652e-003,1.368488e-001
4.018360922864561e-003,1.428620e-001
4.038360922864470e-003,1.498750e-001
4.058360922864379e-003,1.573706e-001
4.078360922864288e-003,1.649554e-001
4.098360922864197e-003,1.723126e-001
4.118360922864106e-003,1.791921e-001
4.138360922864015e-003,1.853861e-001
4.158360922863924e-003,1.907219e-001
4.178360922863833e-003,1.950593e-001
4.198360922863742e-003,1.982895e-001
4.218360922863651e-003,2.003344e-001
4.238360922863560e-003,2.011462e-001
4.258360922863469e-003,2.007072e-001
4.278360922863378e-003,1.990300e-001
4.298360922863287e-003,1.961569e-001
4.318360922863196e-003,1.921604e-001
4.338360922863105e-003,1.871424e-001
4.358360922863014e-003,1.812351e-001
4.378360922862923e-003,1.746013e-001
4.398360922862832e-003,1.674366e-001
4.418360922862741e-003,1.599734e-001
4.438360922862650e-003,1.524901e-001
4.458360922862559e-003,1.453292e-001
4.478360922862468e-003,1.389379e-001
4.498360922862377e-003,1.339657e-001
4.518360922862286e-003,1.316372e-001
4.538360922862195e-003,1.352630e-001
4.558360922862104e-003,2.639492e-001
4.578360922862013e-003,8.275146e-001
4.598360922861922e-003,1.862346e+000
4.618360922861831e-003,2.973974e+000
4.638360922861740e-003,3.921270e+000
4.658360922861649e-003,4.699807e+000
4.678360922861558e-003,5.309552e+000
4.698360922861466e-003,5.753419e+000
4.718360922861375e-003,6.035459e+000
4.738360922861284e-003,6.159096e+000
4.758360922861193e-003,6.125777e+000
4.778360922861102e-003,5.934288e+000
4.798360922861011e-003,5.580887e+000
4.818360922860920e-003,5.060228e+000
4.838360922860829e-003,4.366905e+000
4.858360922860738e-003,3.497302e+000
4.878360922860647e-003,2.451375e+000
4.898360922860556e-003,1.304039e+000
4.918360922860465e-003,4.387513e-001
4.938360922860374e-003,1.435646e-001
4.958360922860283e-003,1.321584e-001
4.978360922860192e-003,1.327031e-001
4.998360922860101e-003,1.364962e-001
4.999999999999893e-003,1.369143e-001
