-0.02472,-2.8,-0.256
-0.0247,-2.8,-0.256
-0.02468,-2.8,-0.248
-0.02466,-2.8,-0.248
-0.02464,-2.8,-0.256
-0.02462,-2.72,-0.248
-0.0246,-2.72,-0.24
-0.02458,-2.72,-0.248
-0.02456,-2.72,-0.248
-0.02454,-2.72,-0.24
-0.02452,-2.72,-0.232
-0.0245,-2.64,-0.232
-0.02448,-2.64,-0.24
-0.02446,-2.64,-0.248
-0.02444,-2.64,-0.24
-0.02442,-2.64,-0.24
-0.0244,-2.64,-0.232
-0.02438,-2.64,-0.232
-0.02436,-2.56,-0.232
-0.02434,-2.56,-0.224
-0.02432,-2.56,-0.232
-0.0243,-2.56,-0.224
-0.02428,-2.48,-0.216
-0.02426,-2.56,-0.224
-0.02424,-2.48,-0.224
-0.02422,-2.48,-0.216
-0.0242,-2.48,-0.216
-0.02418,-2.4,-0.224
-0.02416,-2.4,-0.216
-0.02414,-2.4,-0.208
-0.02412,-2.4,-0.208
-0.0241,-2.32,-0.216
-0.02408,-2.32,-0.2
-0.02406,-2.32,-0.216
-0.02404,-2.32,-0.208
-0.02402,-2.32,-0.192
-0.024,-2.24,-0.2
-0.02398,-2.32,-0.2
-0.02396,-2.32,-0.2
-0.02394,-2.24,-0.2
-0.02392,-2.24,-0.2
-0.0239,-2.24,-0.192
-0.02388,-2.24,-0.184
-0.02386,-2.24,-0.184
-0.02384,-2.16,-0.192
-0.02382,-2.16,-0.192
-0.0238,-2.16,-0.192
-0.02378,-2.16,-0.184
-0.02376,-2.16,-0.184
-0.02374,-2.16,-0.192
-0.02372,-2.16,-0.184
-0.0237,-2.08,-0.176
-0.02368,-2.08,-0.176
-0.02366,-2,-0.176
-0.02364,-2.08,-0.168
-0.02362,-2.08,-0.176
-0.0236,-2.08,-0.168
-0.02358,-2,-0.168
-0.02356,-2.08,-0.16
-0.02354,-2,-0.176
-0.02352,-2,-0.168
-0.0235,-1.92,-0.16
-0.02348,-2,-0.168
-0.02346,-1.92,-0.152
-0.02344,-1.92,-0.152
-0.02342,-1.92,-0.16
-0.0234,-1.84,-0.152
-0.02338,-1.92,-0.144
-0.02336,-1.84,-0.16
-0.02334,-1.84,-0.16
-0.02332,-1.84,-0.144
-0.0233,-1.84,-0.136
-0.02328,-1.84,-0.144
-0.02326,-1.76,-0.144
-0.02324,-1.76,-0.144
-0.02322,-1.84,-0.136
-0.0232,-1.76,-0.144
-0.02318,-1.76,-0.136
-0.02316,-1.76,-0.136
-0.02314,-1.76,-0.136
-0.02312,-1.76,-0.136
-0.0231,-1.76,-0.128
-0.02308,-1.68,-0.136
-0.02306,-1.68,-0.136
-0.02304,-1.68,-0.128
-0.02302,-1.6,-0.128
-0.023,-1.6,-0.128
-0.02298,-1.6,-0.128
-0.02296,-1.6,-0.128
-0.02294,-1.52,-0.128
-0.02292,-1.52,-0.128
-0.0229,-1.52,-0.128
-0.02288,-1.52,-0.112
-0.02286,-1.52,-0.104
-0.02284,-1.52,-0.12
-0.02282,-1.52,-0.12
-0.0228,-1.44,-0.112
-0.02278,-1.44,-0.112
-0.02276,-1.44,-0.104
-0.02274,-1.44,-0.104
-0.02272,-1.44,-0.112
-0.0227,-1.36,-0.104
-0.02268,-1.36,-0.088
-0.02266,-1.36,-0.104
-0.02264,-1.36,-0.104
-0.02262,-1.36,-0.096
-0.0226,-1.36,-0.096
-0.02258,-1.36,-0.088
-0.02256,-1.28,-0.088
-0.02254,-1.28,-0.088
-0.02252,-1.28,-0.08
-0.0225,-1.36,-0.08
-0.02248,-1.28,-0.08
-0.02246,-1.28,-0.08
-0.02244,-1.2,-0.072
-0.02242,-1.2,-0.088
-0.0224,-1.2,-0.08
-0.02238,-1.2,-0.064
-0.02236,-1.2,-0.072
-0.02234,-1.2,-0.08
-0.02232,-1.2,-0.064
-0.0223,-1.12,-0.08
-0.02228,-1.12,-0.064
-0.02226,-1.12,-0.064
-0.02224,-1.12,-0.072
-0.02222,-1.04,-0.064
-0.0222,-1.12,-0.064
-0.02218,-1.12,-0.064
-0.02216,-1.04,-0.056
-0.02214,-1.04,-0.064
-0.02212,-1.04,-0.048
-0.0221,-0.96,-0.056
-0.02208,-0.96,-0.048
-0.02206,-0.96,-0.04
-0.02204,-0.96,-0.04
-0.02202,-1.04,-0.048
-0.022,-0.96,-0.056
-0.02198,-0.88,-0.04
-0.02196,-0.88,-0.04
-0.02194,-0.96,-0.04
-0.02192,-0.88,-0.04
-0.0219,-0.88,-0.04
-0.02188,-0.8,-0.04
-0.02186,-0.8,-0.04
-0.02184,-0.8,-0.024
-0.02182,-0.8,-0.024
-0.0218,-0.8,-0.024
-0.02178,-0.8,-0.032
-0.02176,-0.8,-0.024
-0.02174,-0.72,-0.024
-0.02172,-0.72,-0.024
-0.0217,-0.72,-0.016
-0.02168,-0.64,-0.016
-0.02166,-0.72,-0.016
-0.02164,-0.72,-0.016
-0.02162,-0.64,-0.016
-0.0216,-0.64,-0.016
-0.02158,-0.64,-0.008
-0.02156,-0.64,-0.008
-0.02154,-0.56,-0.008
-0.02152,-0.56,0
-0.0215,-0.56,-0.008
-0.02148,-0.56,0
-0.02146,-0.48,0.008
-0.02144,-0.56,0
-0.02142,-0.48,0.016
-0.0214,-0.48,0.008
-0.02138,-0.48,0
-0.02136,-0.48,0
-0.02134,-0.48,0
-0.02132,-0.48,0.016
-0.0213,-0.4,0.016
-0.02128,-0.4,0.016
-0.02126,-0.4,0.024
-0.02124,-0.4,0.008
-0.02122,-0.32,0.024
-0.0212,-0.32,0.016
-0.02118,-0.4,0.024
-0.02116,-0.4,0.024
-0.02114,-0.32,0.024
-0.02112,-0.32,0.024
-0.0211,-0.32,0.032
-0.02108,-0.24,0.024
-0.02106,-0.24,0.024
-0.02104,-0.24,0.024
-0.02102,-0.24,0.032
-0.021,-0.24,0.032
-0.02098,-0.16,0.04
-0.02096,-0.24,0.032
-0.02094,-0.16,0.032
-0.02092,-0.16,0.04
-0.0209,-0.16,0.024
-0.02088,-0.16,0.04
-0.02086,-0.16,0.04
-0.02084,-0.16,0.056
-0.02082,-0.08,0.04
-0.0208,0,0.048
-0.02078,-0.08,0.048
-0.02076,0,0.048
-0.02074,0,0.056
-0.02072,0,0.056
-0.0207,0,0.056
-0.02068,0.08,0.056
-0.02066,0.08,0.04
-0.02064,0.08,0.048
-0.02062,0.08,0.064
-0.0206,0.08,0.056
-0.02058,0.08,0.072
-0.02056,0.08,0.072
-0.02054,0.08,0.064
-0.02052,0.16,0.072
-0.0205,0.16,0.072
-0.02048,0.16,0.08
-0.02046,0.16,0.072
-0.02044,0.24,0.088
-0.02042,0.16,0.08
-0.0204,0.16,0.072
-0.02038,0.24,0.072
-0.02036,0.24,0.088
-0.02034,0.24,0.088
-0.02032,0.24,0.088
-0.0203,0.24,0.088
-0.02028,0.24,0.096
-0.02026,0.32,0.088
-0.02024,0.32,0.096
-0.02022,0.32,0.096
-0.0202,0.32,0.096
-0.02018,0.32,0.096
-0.02016,0.32,0.096
-0.02014,0.4,0.096
-0.02012,0.4,0.104
-0.0201,0.4,0.096
-0.02008,0.4,0.104
-0.02006,0.4,0.104
-0.02004,0.4,0.104
-0.02002,0.4,0.104
-0.02,0.48,0.104
-0.01998,0.48,0.112
-0.01996,0.48,0.128
-0.01994,0.48,0.112
-0.01992,0.56,0.112
-0.0199,0.48,0.112
-0.01988,0.56,0.112
-0.01986,0.56,0.12
-0.01984,0.56,0.12
-0.01982,0.56,0.128
-0.0198,0.56,0.128
-0.01978,0.56,0.128
-0.01976,0.64,0.128
-0.01974,0.64,0.136
-0.01972,0.72,0.136
-0.0197,0.72,0.136
-0.01968,0.72,0.128
-0.01966,0.64,0.144
-0.01964,0.72,0.144
-0.01962,0.72,0.128
-0.0196,0.72,0.144
-0.01958,0.8,0.128
-0.01956,0.8,0.144
-0.01954,0.8,0.152
-0.01952,0.8,0.144
-0.0195,0.88,0.152
-0.01948,0.8,0.144
-0.01946,0.88,0.152
-0.01944,0.88,0.16
-0.01942,0.88,0.16
-0.0194,0.88,0.152
-0.01938,0.88,0.16
-0.01936,0.96,0.16
-0.01934,0.96,0.16
-0.01932,0.96,0.16
-0.0193,0.96,0.168
-0.01928,1.04,0.176
-0.01926,0.96,0.168
-0.01924,0.96,0.16
-0.01922,1.04,0.168
-0.0192,1.04,0.16
-0.01918,1.04,0.184
-0.01916,1.04,0.176
-0.01914,1.04,0.184
-0.01912,1.12,0.184
-0.0191,1.12,0.192
-0.01908,1.12,0.168
-0.01906,1.12,0.192
-0.01904,1.12,0.176
-0.01902,1.12,0.192
-0.019,1.12,0.192
-0.01898,1.12,0.184
-0.01896,1.2,0.192
-0.01894,1.2,0.192
-0.01892,1.2,0.192
-0.0189,1.2,0.192
-0.01888,1.2,0.2
-0.01886,1.2,0.192
-0.01884,1.28,0.2
-0.01882,1.28,0.208
-0.0188,1.28,0.208
-0.01878,1.28,0.2
-0.01876,1.28,0.216
-0.01874,1.28,0.208
-0.01872,1.36,0.2
-0.0187,1.36,0.208
-0.01868,1.36,0.216
-0.01866,1.36,0.208
-0.01864,1.36,0.216
-0.01862,1.44,0.216
-0.0186,1.44,0.216
-0.01858,1.44,0.216
-0.01856,1.52,0.232
-0.01854,1.52,0.232
-0.01852,1.52,0.216
-0.0185,1.52,0.232
-0.01848,1.52,0.24
-0.01846,1.6,0.24
-0.01844,1.52,0.216
-0.01842,1.6,0.224
-0.0184,1.6,0.232
-0.01838,1.6,0.24
-0.01836,1.6,0.248
-0.01834,1.68,0.232
-0.01832,1.68,0.24
-0.0183,1.68,0.24
-0.01828,1.68,0.24
-0.01826,1.68,0.248
-0.01824,1.68,0.24
-0.01822,1.76,0.248
-0.0182,1.68,0.256
-0.01818,1.76,0.264
-0.01816,1.76,0.256
-0.01814,1.76,0.256
-0.01812,1.76,0.248
-0.0181,1.76,0.256
-0.01808,1.76,0.264
-0.01806,1.84,0.264
-0.01804,1.84,0.272
-0.01802,1.84,0.264
-0.018,1.84,0.264
-0.01798,1.84,0.264
-0.01796,1.84,0.272
-0.01794,1.84,0.272
-0.01792,1.92,0.272
-0.0179,1.84,0.272
-0.01788,1.92,0.272
-0.01786,1.92,0.28
-0.01784,1.92,0.28
-0.01782,1.92,0.272
-0.0178,2,0.272
-0.01778,2,0.288
-0.01776,2,0.288
-0.01774,2,0.28
-0.01772,2,0.288
-0.0177,2,0.288
-0.01768,2.08,0.296
-0.01766,2,0.288
-0.01764,2.08,0.28
-0.01762,2.08,0.296
-0.0176,2.16,0.296
-0.01758,2.08,0.304
-0.01756,2.16,0.304
-0.01754,2.16,0.304
-0.01752,2.16,0.304
-0.0175,2.24,0.304
-0.01748,2.24,0.304
-0.01746,2.24,0.312
-0.01744,2.24,0.312
-0.01742,2.24,0.312
-0.0174,2.32,0.312
-0.01738,2.24,0.312
-0.01736,2.32,0.312
-0.01734,2.32,0.304
-0.01732,2.32,0.312
-0.0173,2.32,0.328
-0.01728,2.4,0.328
-0.01726,2.4,0.328
-0.01724,2.4,0.328
-0.01722,2.4,0.328
-0.0172,2.4,0.32
-0.01718,2.4,0.336
-0.01716,2.4,0.328
-0.01714,2.48,0.336
-0.01712,2.48,0.328
-0.0171,2.48,0.344
-0.01708,2.48,0.336
-0.01706,2.48,0.344
-0.01704,2.48,0.336
-0.01702,2.48,0.336
-0.017,2.56,0.336
-0.01698,2.56,0.352
-0.01696,2.56,0.352
-0.01694,2.56,0.352
-0.01692,2.56,0.352
-0.0169,2.56,0.344
-0.01688,2.64,0.352
-0.01686,2.64,0.352
-0.01684,2.64,0.36
-0.01682,2.64,0.36
-0.0168,2.72,0.36
-0.01678,2.72,0.36
-0.01676,2.72,0.36
-0.01674,2.72,0.36
-0.01672,2.72,0.36
-0.0167,2.72,0.36
-0.01668,2.72,0.36
-0.01666,2.72,0.368
-0.01664,2.8,0.368
-0.01662,2.8,0.368
-0.0166,2.8,0.376
-0.01658,2.8,0.368
-0.01656,2.8,0.384
-0.01654,2.88,0.376
-0.01652,2.88,0.384
-0.0165,2.88,0.392
-0.01648,2.88,0.384
-0.01646,2.88,0.392
-0.01644,2.88,0.392
-0.01642,2.96,0.392
-0.0164,2.96,0.392
-0.01638,3.04,0.384
-0.01636,3.04,0.384
-0.01634,2.96,0.4
-0.01632,3.04,0.4
-0.0163,3.04,0.4
-0.01628,3.04,0.4
-0.01626,3.04,0.408
-0.01624,3.04,0.4
-0.01622,3.12,0.408
-0.0162,3.12,0.4
-0.01618,3.12,0.408
-0.01616,3.12,0.4
-0.01614,3.12,0.416
-0.01612,3.2,0.416
-0.0161,3.2,0.424
-0.01608,3.2,0.416
-0.01606,3.2,0.416
-0.01604,3.2,0.424
-0.01602,3.2,0.416
-0.016,3.28,0.416
-0.01598,3.28,0.424
-0.01596,3.2,0.432
-0.01594,3.28,0.432
-0.01592,3.28,0.424
-0.0159,3.28,0.432
-0.01588,3.28,0.432
-0.01586,3.36,0.432
-0.01584,3.36,0.432
-0.01582,3.36,0.432
-0.0158,3.36,0.44
-0.01578,3.36,0.448
-0.01576,3.36,0.44
-0.01574,3.36,0.44
-0.01572,3.44,0.44
-0.0157,3.44,0.456
-0.01568,3.44,0.448
-0.01566,3.44,0.456
-0.01564,3.44,0.408
-0.01562,3.44,0.384
-0.0156,3.44,0.368
-0.01558,3.36,0.36
-0.01556,3.36,0.352
-0.01554,3.36,0.352
-0.01552,3.28,0.328
-0.0155,3.36,0.328
-0.01548,3.28,0.32
-0.01546,3.28,0.32
-0.01544,3.28,0.312
-0.01542,3.28,0.32
-0.0154,3.28,0.312
-0.01538,3.28,0.312
-0.01536,3.2,0.312
-0.01534,3.2,0.304
-0.01532,3.2,0.312
-0.0153,3.2,0.304
-0.01528,3.12,0.296
-0.01526,3.12,0.304
-0.01524,3.12,0.296
-0.01522,3.12,0.296
-0.0152,3.12,0.296
-0.01518,3.12,0.288
-0.01516,3.12,0.288
-0.01514,3.04,0.288
-0.01512,3.04,0.28
-0.0151,3.04,0.272
-0.01508,3.04,0.288
-0.01506,3.04,0.272
-0.01504,2.96,0.288
-0.01502,2.96,0.28
-0.015,2.96,0.272
-0.01498,2.96,0.272
-0.01496,2.88,0.272
-0.01494,2.88,0.272
-0.01492,2.88,0.28
-0.0149,2.88,0.28
-0.01488,2.88,0.272
-0.01486,2.88,0.272
-0.01484,2.8,0.264
-0.01482,2.8,0.264
-0.0148,2.8,0.264
-0.01478,2.8,0.256
-0.01476,2.8,0.256
-0.01474,2.8,0.248
-0.01472,2.72,0.256
-0.0147,2.8,0.256
-0.01468,2.72,0.248
-0.01466,2.72,0.256
-0.01464,2.72,0.248
-0.01462,2.72,0.256
-0.0146,2.72,0.248
-0.01458,2.64,0.256
-0.01456,2.64,0.248
-0.01454,2.64,0.24
-0.01452,2.64,0.24
-0.0145,2.64,0.232
-0.01448,2.64,0.24
-0.01446,2.64,0.24
-0.01444,2.56,0.232
-0.01442,2.64,0.232
-0.0144,2.56,0.24
-0.01438,2.56,0.232
-0.01436,2.48,0.232
-0.01434,2.56,0.224
-0.01432,2.56,0.216
-0.0143,2.48,0.224
-0.01428,2.48,0.216
-0.01426,2.48,0.216
-0.01424,2.4,0.216
-0.01422,2.4,0.216
-0.0142,2.48,0.216
-0.01418,2.4,0.224
-0.01416,2.4,0.224
-0.01414,2.4,0.208
-0.01412,2.4,0.216
-0.0141,2.4,0.2
-0.01408,2.32,0.208
-0.01406,2.32,0.2
-0.01404,2.32,0.192
-0.01402,2.32,0.2
-0.014,2.24,0.2
-0.01398,2.32,0.2
-0.01396,2.32,0.192
-0.01394,2.24,0.2
-0.01392,2.24,0.2
-0.0139,2.24,0.192
-0.01388,2.24,0.192
-0.01386,2.16,0.192
-0.01384,2.16,0.192
-0.01382,2.16,0.184
-0.0138,2.08,0.184
-0.01378,2.16,0.192
-0.01376,2.08,0.192
-0.01374,2.08,0.192
-0.01372,2.08,0.184
-0.0137,2.08,0.184
-0.01368,2.08,0.176
-0.01366,2.08,0.176
-0.01364,2,0.184
-0.01362,2,0.176
-0.0136,2,0.168
-0.01358,2,0.176
-0.01356,1.92,0.176
-0.01354,1.92,0.168
-0.01352,1.92,0.168
-0.0135,1.92,0.168
-0.01348,1.92,0.168
-0.01346,1.92,0.152
-0.01344,1.92,0.152
-0.01342,1.84,0.152
-0.0134,1.84,0.144
-0.01338,1.84,0.144
-0.01336,1.84,0.152
-0.01334,1.84,0.16
-0.01332,1.84,0.144
-0.0133,1.84,0.136
-0.01328,1.84,0.144
-0.01326,1.76,0.152
-0.01324,1.76,0.144
-0.01322,1.76,0.144
-0.0132,1.76,0.136
-0.01318,1.76,0.136
-0.01316,1.76,0.128
-0.01314,1.68,0.136
-0.01312,1.68,0.136
-0.0131,1.68,0.128
-0.01308,1.68,0.136
-0.01306,1.68,0.128
-0.01304,1.6,0.112
-0.01302,1.6,0.12
-0.013,1.6,0.128
-0.01298,1.6,0.12
-0.01296,1.6,0.128
-0.01294,1.52,0.128
-0.01292,1.52,0.104
-0.0129,1.52,0.128
-0.01288,1.52,0.112
-0.01286,1.52,0.112
-0.01284,1.52,0.12
-0.01282,1.44,0.104
-0.0128,1.44,0.104
-0.01278,1.44,0.112
-0.01276,1.36,0.104
-0.01274,1.36,0.104
-0.01272,1.36,0.096
-0.0127,1.36,0.096
-0.01268,1.36,0.096
-0.01266,1.36,0.096
-0.01264,1.28,0.096
-0.01262,1.36,0.096
-0.0126,1.36,0.104
-0.01258,1.36,0.096
-0.01256,1.28,0.088
-0.01254,1.28,0.088
-0.01252,1.28,0.088
-0.0125,1.2,0.08
-0.01248,1.2,0.088
-0.01246,1.2,0.08
-0.01244,1.2,0.08
-0.01242,1.2,0.08
-0.0124,1.2,0.088
-0.01238,1.2,0.08
-0.01236,1.12,0.064
-0.01234,1.12,0.072
-0.01232,1.12,0.072
-0.0123,1.12,0.072
-0.01228,1.12,0.072
-0.01226,1.12,0.056
-0.01224,1.04,0.072
-0.01222,1.04,0.056
-0.0122,1.04,0.072
-0.01218,1.04,0.064
-0.01216,1.04,0.064
-0.01214,0.96,0.056
-0.01212,1.04,0.048
-0.0121,0.96,0.056
-0.01208,0.96,0.056
-0.01206,0.96,0.056
-0.01204,0.96,0.056
-0.01202,0.96,0.04
-0.012,0.88,0.048
-0.01198,0.88,0.048
-0.01196,0.88,0.04
-0.01194,0.88,0.04
-0.01192,0.8,0.04
-0.0119,0.88,0.04
-0.01188,0.8,0.032
-0.01186,0.8,0.04
-0.01184,0.8,0.024
-0.01182,0.8,0.032
-0.0118,0.8,0.032
-0.01178,0.72,0.032
-0.01176,0.8,0.032
-0.01174,0.72,0.032
-0.01172,0.72,0.024
-0.0117,0.72,0.016
-0.01168,0.72,0.024
-0.01166,0.64,0.024
-0.01164,0.64,0.024
-0.01162,0.64,0.016
-0.0116,0.56,0.016
-0.01158,0.56,0.016
-0.01156,0.56,0.016
-0.01154,0.56,0.008
-0.01152,0.56,0.016
-0.0115,0.56,0.016
-0.01148,0.48,0
-0.01146,0.48,0.008
-0.01144,0.48,0.008
-0.01142,0.48,0.016
-0.0114,0.48,0.016
-0.01138,0.48,-0.008
-0.01136,0.48,-0.008
-0.01134,0.48,0
-0.01132,0.4,-0.008
-0.0113,0.4,-0.008
-0.01128,0.4,0
-0.01126,0.4,-0.008
-0.01124,0.32,-0.008
-0.01122,0.32,-0.016
-0.0112,0.32,-0.008
-0.01118,0.32,-0.016
-0.01116,0.32,-0.016
-0.01114,0.32,-0.016
-0.01112,0.32,-0.024
-0.0111,0.24,-0.032
-0.01108,0.24,-0.032
-0.01106,0.24,-0.024
-0.01104,0.24,-0.024
-0.01102,0.24,-0.016
-0.011,0.24,-0.024
-0.01098,0.24,-0.032
-0.01096,0.16,-0.032
-0.01094,0.24,-0.024
-0.01092,0.24,-0.04
-0.0109,0.16,-0.04
-0.01088,0.16,-0.04
-0.01086,0.16,-0.056
-0.01084,0.16,-0.04
-0.01082,0.08,-0.04
-0.0108,0.08,-0.032
-0.01078,0.08,-0.048
-0.01076,0.08,-0.056
-0.01074,0.08,-0.048
-0.01072,0.08,-0.048
-0.0107,0,-0.048
-0.01068,0,-0.064
-0.01066,0,-0.056
-0.01064,0,-0.064
-0.01062,0,-0.064
-0.0106,-0.08,-0.064
-0.01058,-0.08,-0.072
-0.01056,-0.16,-0.072
-0.01054,-0.08,-0.064
-0.01052,-0.16,-0.072
-0.0105,-0.08,-0.072
-0.01048,-0.16,-0.08
-0.01046,-0.16,-0.08
-0.01044,-0.24,-0.072
-0.01042,-0.24,-0.072
-0.0104,-0.24,-0.08
-0.01038,-0.24,-0.072
-0.01036,-0.24,-0.088
-0.01034,-0.24,-0.088
-0.01032,-0.24,-0.088
-0.0103,-0.24,-0.088
-0.01028,-0.24,-0.08
-0.01026,-0.32,-0.096
-0.01024,-0.32,-0.096
-0.01022,-0.32,-0.096
-0.0102,-0.32,-0.096
-0.01018,-0.4,-0.104
-0.01016,-0.4,-0.096
-0.01014,-0.4,-0.096
-0.01012,-0.4,-0.096
-0.0101,-0.4,-0.104
-0.01008,-0.4,-0.104
-0.01006,-0.4,-0.112
-0.01004,-0.48,-0.104
-0.01002,-0.48,-0.104
-0.01,-0.48,-0.112
-0.00998,-0.48,-0.128
-0.00996,-0.48,-0.12
-0.00994,-0.56,-0.12
-0.00992,-0.56,-0.12
-0.0099,-0.56,-0.12
-0.00988,-0.56,-0.136
-0.00986,-0.56,-0.12
-0.00984,-0.56,-0.12
-0.00982,-0.64,-0.112
-0.0098,-0.64,-0.136
-0.00978,-0.64,-0.136
-0.00976,-0.64,-0.128
-0.00974,-0.64,-0.136
-0.00972,-0.64,-0.128
-0.0097,-0.72,-0.136
-0.00968,-0.72,-0.128
-0.00966,-0.72,-0.136
-0.00964,-0.8,-0.128
-0.00962,-0.72,-0.128
-0.0096,-0.72,-0.152
-0.00958,-0.8,-0.136
-0.00956,-0.8,-0.144
-0.00954,-0.8,-0.152
-0.00952,-0.8,-0.152
-0.0095,-0.8,-0.16
-0.00948,-0.88,-0.144
-0.00946,-0.88,-0.152
-0.00944,-0.88,-0.152
-0.00942,-0.96,-0.16
-0.0094,-0.88,-0.152
-0.00938,-0.96,-0.152
-0.00936,-0.96,-0.168
-0.00934,-0.96,-0.168
-0.00932,-0.96,-0.168
-0.0093,-1.04,-0.16
-0.00928,-0.96,-0.16
-0.00926,-1.04,-0.168
-0.00924,-1.04,-0.168
-0.00922,-0.96,-0.168
-0.0092,-1.04,-0.176
-0.00918,-1.12,-0.176
-0.00916,-1.04,-0.176
-0.00914,-1.12,-0.184
-0.00912,-1.12,-0.184
-0.0091,-1.12,-0.192
-0.00908,-1.12,-0.184
-0.00906,-1.12,-0.184
-0.00904,-1.12,-0.184
-0.00902,-1.2,-0.184
-0.009,-1.2,-0.192
-0.00898,-1.28,-0.192
-0.00896,-1.2,-0.2
-0.00894,-1.28,-0.192
-0.00892,-1.28,-0.192
-0.0089,-1.28,-0.192
-0.00888,-1.28,-0.208
-0.00886,-1.28,-0.208
-0.00884,-1.36,-0.2
-0.00882,-1.36,-0.2
-0.0088,-1.36,-0.2
-0.00878,-1.36,-0.2
-0.00876,-1.36,-0.208
-0.00874,-1.36,-0.208
-0.00872,-1.36,-0.2
-0.0087,-1.36,-0.216
-0.00868,-1.44,-0.216
-0.00866,-1.44,-0.224
-0.00864,-1.44,-0.216
-0.00862,-1.44,-0.216
-0.0086,-1.44,-0.224
-0.00858,-1.44,-0.216
-0.00856,-1.52,-0.216
-0.00854,-1.44,-0.232
-0.00852,-1.52,-0.224
-0.0085,-1.52,-0.232
-0.00848,-1.52,-0.232
-0.00846,-1.6,-0.232
-0.00844,-1.6,-0.224
-0.00842,-1.52,-0.224
-0.0084,-1.6,-0.24
-0.00838,-1.6,-0.24
-0.00836,-1.6,-0.24
-0.00834,-1.68,-0.24
-0.00832,-1.68,-0.248
-0.0083,-1.68,-0.24
-0.00828,-1.68,-0.24
-0.00826,-1.68,-0.248
-0.00824,-1.68,-0.248
-0.00822,-1.76,-0.24
-0.0082,-1.76,-0.256
-0.00818,-1.76,-0.256
-0.00816,-1.76,-0.256
-0.00814,-1.84,-0.256
-0.00812,-1.84,-0.256
-0.0081,-1.84,-0.256
-0.00808,-1.84,-0.272
-0.00806,-1.84,-0.256
-0.00804,-1.84,-0.272
-0.00802,-1.92,-0.256
-0.008,-1.92,-0.272
-0.00798,-1.92,-0.256
-0.00796,-1.92,-0.272
-0.00794,-1.92,-0.28
-0.00792,-1.84,-0.272
-0.0079,-1.92,-0.272
-0.00788,-1.92,-0.272
-0.00786,-2,-0.28
-0.00784,-2,-0.28
-0.00782,-2,-0.28
-0.0078,-2,-0.288
-0.00778,-2,-0.288
-0.00776,-2.08,-0.288
-0.00774,-2.08,-0.296
-0.00772,-2.08,-0.28
-0.0077,-2.08,-0.296
-0.00768,-2.08,-0.304
-0.00766,-2.08,-0.288
-0.00764,-2.08,-0.296
-0.00762,-2.16,-0.288
-0.0076,-2.16,-0.296
-0.00758,-2.16,-0.304
-0.00756,-2.24,-0.296
-0.00754,-2.16,-0.304
-0.00752,-2.24,-0.304
-0.0075,-2.24,-0.296
-0.00748,-2.24,-0.304
-0.00746,-2.24,-0.304
-0.00744,-2.24,-0.304
-0.00742,-2.32,-0.312
-0.0074,-2.32,-0.312
-0.00738,-2.32,-0.304
-0.00736,-2.32,-0.312
-0.00734,-2.32,-0.32
-0.00732,-2.32,-0.328
-0.0073,-2.32,-0.312
-0.00728,-2.4,-0.328
-0.00726,-2.4,-0.336
-0.00724,-2.4,-0.32
-0.00722,-2.4,-0.312
-0.0072,-2.48,-0.312
-0.00718,-2.4,-0.328
-0.00716,-2.48,-0.328
-0.00714,-2.48,-0.336
-0.00712,-2.48,-0.344
-0.0071,-2.56,-0.336
-0.00708,-2.56,-0.344
-0.00706,-2.56,-0.336
-0.00704,-2.56,-0.352
-0.00702,-2.56,-0.336
-0.007,-2.56,-0.336
-0.00698,-2.56,-0.344
-0.00696,-2.64,-0.36
-0.00694,-2.64,-0.352
-0.00692,-2.64,-0.36
-0.0069,-2.64,-0.352
-0.00688,-2.64,-0.344
-0.00686,-2.64,-0.352
-0.00684,-2.72,-0.36
-0.00682,-2.72,-0.352
-0.0068,-2.72,-0.36
-0.00678,-2.72,-0.352
-0.00676,-2.8,-0.36
-0.00674,-2.72,-0.376
-0.00672,-2.72,-0.376
-0.0067,-2.8,-0.368
-0.00668,-2.8,-0.352
-0.00666,-2.8,-0.368
-0.00664,-2.8,-0.384
-0.00662,-2.8,-0.376
-0.0066,-2.88,-0.384
-0.00658,-2.88,-0.384
-0.00656,-2.88,-0.384
-0.00654,-2.88,-0.376
-0.00652,-2.88,-0.384
-0.0065,-2.88,-0.392
-0.00648,-2.96,-0.376
-0.00646,-2.96,-0.392
-0.00644,-2.96,-0.384
-0.00642,-2.96,-0.384
-0.0064,-2.96,-0.4
-0.00638,-2.96,-0.4
-0.00636,-2.96,-0.392
-0.00634,-2.96,-0.392
-0.00632,-3.04,-0.392
-0.0063,-3.04,-0.4
-0.00628,-3.04,-0.392
-0.00626,-3.04,-0.392
-0.00624,-3.04,-0.4
-0.00622,-3.04,-0.4
-0.0062,-3.12,-0.408
-0.00618,-3.12,-0.408
-0.00616,-3.2,-0.408
-0.00614,-3.12,-0.408
-0.00612,-3.2,-0.408
-0.0061,-3.2,-0.416
-0.00608,-3.2,-0.408
-0.00606,-3.2,-0.408
-0.00604,-3.2,-0.424
-0.00602,-3.28,-0.424
-0.006,-3.28,-0.416
-0.00598,-3.28,-0.424
-0.00596,-3.28,-0.44
-0.00594,-3.28,-0.424
-0.00592,-3.36,-0.432
-0.0059,-3.28,-0.44
-0.00588,-3.36,-0.424
-0.00586,-3.36,-0.424
-0.00584,-3.36,-0.44
-0.00582,-3.36,-0.432
-0.0058,-3.36,-0.44
-0.00578,-3.36,-0.44
-0.00576,-3.44,-0.432
-0.00574,-3.44,-0.44
-0.00572,-3.44,-0.44
-0.0057,-3.44,-0.456
-0.00568,-3.52,-0.448
-0.00566,-3.52,-0.448
-0.00564,-3.44,-0.408
-0.00562,-3.44,-0.392
-0.0056,-3.44,-0.376
-0.00558,-3.44,-0.36
-0.00556,-3.44,-0.352
-0.00554,-3.36,-0.336
-0.00552,-3.36,-0.328
-0.0055,-3.36,-0.328
-0.00548,-3.28,-0.328
-0.00546,-3.36,-0.312
-0.00544,-3.36,-0.32
-0.00542,-3.28,-0.312
-0.0054,-3.28,-0.304
-0.00538,-3.28,-0.304
-0.00536,-3.2,-0.304
-0.00534,-3.2,-0.312
-0.00532,-3.2,-0.304
-0.0053,-3.2,-0.312
-0.00528,-3.2,-0.304
-0.00526,-3.2,-0.304
-0.00524,-3.12,-0.304
-0.00522,-3.12,-0.296
-0.0052,-3.12,-0.296
-0.00518,-3.12,-0.288
-0.00516,-3.12,-0.296
-0.00514,-3.04,-0.296
-0.00512,-3.04,-0.296
-0.0051,-3.04,-0.296
-0.00508,-3.04,-0.28
-0.00506,-3.04,-0.288
-0.00504,-2.96,-0.28
-0.00502,-2.96,-0.288
-0.005,-2.96,-0.288
-0.00498,-3.04,-0.272
-0.00496,-2.96,-0.28
-0.00494,-2.96,-0.28
-0.00492,-2.96,-0.272
-0.0049,-2.88,-0.28
-0.00488,-2.96,-0.28
-0.00486,-2.88,-0.272
-0.00484,-2.88,-0.272
-0.00482,-2.88,-0.272
-0.0048,-2.88,-0.256
-0.00478,-2.88,-0.264
-0.00476,-2.8,-0.256
-0.00474,-2.8,-0.256
-0.00472,-2.8,-0.256
-0.0047,-2.8,-0.256
-0.00468,-2.8,-0.264
-0.00466,-2.8,-0.256
-0.00464,-2.8,-0.256
-0.00462,-2.72,-0.24
-0.0046,-2.72,-0.248
-0.00458,-2.72,-0.248
-0.00456,-2.72,-0.24
-0.00454,-2.64,-0.24
-0.00452,-2.72,-0.24
-0.0045,-2.72,-0.24
-0.00448,-2.64,-0.232
-0.00446,-2.64,-0.24
-0.00444,-2.64,-0.248
-0.00442,-2.56,-0.232
-0.0044,-2.56,-0.232
-0.00438,-2.56,-0.24
-0.00436,-2.56,-0.224
-0.00434,-2.56,-0.216
-0.00432,-2.56,-0.224
-0.0043,-2.48,-0.232
-0.00428,-2.56,-0.224
-0.00426,-2.48,-0.232
-0.00424,-2.48,-0.224
-0.00422,-2.48,-0.216
-0.0042,-2.4,-0.224
-0.00418,-2.48,-0.224
-0.00416,-2.48,-0.224
-0.00414,-2.48,-0.216
-0.00412,-2.4,-0.224
-0.0041,-2.4,-0.2
-0.00408,-2.32,-0.208
-0.00406,-2.32,-0.208
-0.00404,-2.32,-0.2
-0.00402,-2.32,-0.208
-0.004,-2.24,-0.216
-0.00398,-2.24,-0.208
-0.00396,-2.32,-0.2
-0.00394,-2.24,-0.192
-0.00392,-2.24,-0.184
-0.0039,-2.24,-0.2
-0.00388,-2.24,-0.184
-0.00386,-2.24,-0.192
-0.00384,-2.16,-0.192
-0.00382,-2.16,-0.192
-0.0038,-2.16,-0.184
-0.00378,-2.16,-0.184
-0.00376,-2.16,-0.184
-0.00374,-2.16,-0.176
-0.00372,-2.16,-0.184
-0.0037,-2.16,-0.184
-0.00368,-2.08,-0.184
-0.00366,-2.08,-0.168
-0.00364,-2.08,-0.168
-0.00362,-2,-0.176
-0.0036,-2.08,-0.176
-0.00358,-2,-0.16
-0.00356,-2,-0.168
-0.00354,-2,-0.168
-0.00352,-2,-0.176
-0.0035,-2,-0.16
-0.00348,-2,-0.152
-0.00346,-1.92,-0.168
-0.00344,-1.92,-0.16
-0.00342,-1.92,-0.152
-0.0034,-1.92,-0.152
-0.00338,-1.92,-0.16
-0.00336,-1.84,-0.144
-0.00334,-1.92,-0.152
-0.00332,-1.84,-0.144
-0.0033,-1.84,-0.152
-0.00328,-1.84,-0.144
-0.00326,-1.76,-0.152
-0.00324,-1.76,-0.144
-0.00322,-1.76,-0.136
-0.0032,-1.76,-0.136
-0.00318,-1.76,-0.136
-0.00316,-1.76,-0.136
-0.00314,-1.68,-0.136
-0.00312,-1.68,-0.136
-0.0031,-1.68,-0.128
-0.00308,-1.68,-0.128
-0.00306,-1.68,-0.136
-0.00304,-1.6,-0.136
-0.00302,-1.68,-0.136
-0.003,-1.6,-0.128
-0.00298,-1.6,-0.128
-0.00296,-1.52,-0.128
-0.00294,-1.6,-0.12
-0.00292,-1.6,-0.12
-0.0029,-1.52,-0.12
-0.00288,-1.52,-0.12
-0.00286,-1.52,-0.104
-0.00284,-1.52,-0.112
-0.00282,-1.52,-0.112
-0.0028,-1.44,-0.112
-0.00278,-1.44,-0.104
-0.00276,-1.44,-0.112
-0.00274,-1.36,-0.104
-0.00272,-1.44,-0.112
-0.0027,-1.36,-0.112
-0.00268,-1.36,-0.104
-0.00266,-1.36,-0.096
-0.00264,-1.36,-0.096
-0.00262,-1.36,-0.096
-0.0026,-1.36,-0.088
-0.00258,-1.36,-0.088
-0.00256,-1.36,-0.088
-0.00254,-1.28,-0.08
-0.00252,-1.28,-0.088
-0.0025,-1.28,-0.088
-0.00248,-1.28,-0.08
-0.00246,-1.28,-0.072
-0.00244,-1.28,-0.072
-0.00242,-1.2,-0.072
-0.0024,-1.28,-0.088
-0.00238,-1.2,-0.08
-0.00236,-1.2,-0.072
-0.00234,-1.12,-0.072
-0.00232,-1.2,-0.064
-0.0023,-1.12,-0.064
-0.00228,-1.12,-0.08
-0.00226,-1.12,-0.072
-0.00224,-1.12,-0.08
-0.00222,-1.12,-0.056
-0.0022,-1.04,-0.056
-0.00218,-1.12,-0.056
-0.00216,-1.04,-0.048
-0.00214,-1.04,-0.064
-0.00212,-1.04,-0.056
-0.0021,-1.04,-0.056
-0.00208,-1.04,-0.048
-0.00206,-1.04,-0.056
-0.00204,-0.96,-0.048
-0.00202,-0.96,-0.04
-0.002,-0.96,-0.048
-0.00198,-0.88,-0.048
-0.00196,-0.96,-0.048
-0.00194,-0.96,-0.04
-0.00192,-0.88,-0.04
-0.0019,-0.88,-0.032
-0.00188,-0.88,-0.04
-0.00186,-0.88,-0.04
-0.00184,-0.8,-0.032
-0.00182,-0.8,-0.032
-0.0018,-0.8,-0.016
-0.00178,-0.8,-0.032
-0.00176,-0.72,-0.032
-0.00174,-0.72,-0.032
-0.00172,-0.72,-0.024
-0.0017,-0.72,-0.016
-0.00168,-0.72,-0.024
-0.00166,-0.64,-0.032
-0.00164,-0.64,-0.008
-0.00162,-0.64,-0.016
-0.0016,-0.64,-0.016
-0.00158,-0.64,-0.024
-0.00156,-0.56,-0.008
-0.00154,-0.56,-0.008
-0.00152,-0.56,0
-0.0015,-0.56,-0.008
-0.00148,-0.56,-0.008
-0.00146,-0.56,0
-0.00144,-0.48,0
-0.00142,-0.48,0
-0.0014,-0.48,0.008
-0.00138,-0.48,0.008
-0.00136,-0.4,0
-0.00134,-0.48,0
-0.00132,-0.4,0.008
-0.0013,-0.4,0.016
-0.00128,-0.4,0.008
-0.00126,-0.4,0.008
-0.00124,-0.4,0.016
-0.00122,-0.4,0.016
-0.0012,-0.4,0.024
-0.00118,-0.32,0.024
-0.00116,-0.32,0.032
-0.00114,-0.32,0.024
-0.00112,-0.32,0.032
-0.0011,-0.32,0.024
-0.00108,-0.24,0.024
-0.00106,-0.24,0.024
-0.00104,-0.24,0.032
-0.00102,-0.24,0.04
-0.001,-0.24,0.024
-0.00098,-0.24,0.032
-0.00096,-0.16,0.032
-0.00094,-0.16,0.04
-0.00092,-0.16,0.032
-0.0009,-0.16,0.04
-0.00088,-0.08,0.048
-0.00086,-0.08,0.04
-0.00084,-0.16,0.04
-0.00082,-0.16,0.04
-0.0008,-0.08,0.048
-0.00078,0,0.048
-0.00076,0,0.048
-0.00074,0,0.048
-0.00072,0,0.048
-0.0007,0,0.056
-0.00068,0.08,0.056
-0.00066,0.08,0.064
-0.00064,0.08,0.072
-0.00062,0,0.072
-0.0006,0.08,0.056
-0.00058,0.08,0.072
-0.00056,0.16,0.08
-0.00054,0.08,0.072
-0.00052,0.08,0.072
-0.0005,0.16,0.072
-0.00048,0.16,0.072
-0.00046,0.16,0.088
-0.00044,0.24,0.08
-0.00042,0.24,0.08
-0.0004,0.24,0.072
-0.00038,0.24,0.072
-0.00036,0.24,0.088
-0.00034,0.24,0.088
-0.00032,0.24,0.08
-0.0003,0.24,0.088
-0.00028,0.32,0.08
-0.00026,0.24,0.08
-0.00024,0.24,0.088
-0.00022,0.24,0.096
-0.0002,0.32,0.096
-0.00018,0.32,0.088
-0.00016,0.4,0.096
-0.00014,0.4,0.104
-0.00012,0.4,0.104
-0.0001,0.4,0.096
-8e-05,0.4,0.104
-6e-05,0.4,0.104
-4e-05,0.48,0.104
-2e-05,0.48,0.104
3.46945e-18,0.4,0.112
2e-05,0.48,0.112
4e-05,0.48,0.112
6e-05,0.48,0.112
8e-05,0.56,0.12
0.0001,0.56,0.12
0.00012,0.56,0.12
0.00014,0.56,0.128
0.00016,0.56,0.128
0.00018,0.56,0.128
0.0002,0.64,0.128
0.00022,0.56,0.128
0.00024,0.64,0.144
0.00026,0.64,0.128
0.00028,0.64,0.128
0.0003,0.64,0.136
0.00032,0.72,0.136
0.00034,0.72,0.136
0.00036,0.72,0.136
0.00038,0.72,0.136
0.0004,0.8,0.144
0.00042,0.8,0.144
0.00044,0.8,0.144
0.00046,0.8,0.152
0.00048,0.8,0.144
0.0005,0.8,0.152
0.00052,0.88,0.152
0.00054,0.88,0.16
0.00056,0.88,0.152
0.00058,0.88,0.16
0.0006,0.88,0.16
0.00062,0.88,0.152
0.00064,0.96,0.16
0.00066,0.96,0.16
0.00068,0.96,0.16
0.0007,0.96,0.16
0.00072,0.96,0.168
0.00074,1.04,0.176
0.00076,0.96,0.176
0.00078,1.04,0.168
0.0008,1.04,0.176
0.00082,1.04,0.176
0.00084,1.04,0.184
0.00086,1.04,0.176
0.00088,1.04,0.176
0.0009,1.12,0.184
0.00092,1.12,0.176
0.00094,1.12,0.176
0.00096,1.12,0.184
0.00098,1.12,0.192
0.001,1.12,0.184
0.00102,1.12,0.184
0.00104,1.2,0.192
0.00106,1.2,0.2
0.00108,1.2,0.2
0.0011,1.28,0.2
0.00112,1.2,0.192
0.00114,1.2,0.192
0.00116,1.28,0.192
0.00118,1.28,0.2
0.0012,1.28,0.208
0.00122,1.28,0.192
0.00124,1.28,0.216
0.00126,1.28,0.208
0.00128,1.36,0.2
0.0013,1.36,0.208
0.00132,1.36,0.208
0.00134,1.36,0.216
0.00136,1.36,0.216
0.00138,1.36,0.224
0.0014,1.44,0.232
0.00142,1.44,0.216
0.00144,1.44,0.224
0.00146,1.52,0.224
0.00148,1.52,0.232
0.0015,1.52,0.224
0.00152,1.52,0.232
0.00154,1.6,0.232
0.00156,1.6,0.224
0.00158,1.6,0.232
0.0016,1.6,0.232
0.00162,1.6,0.232
0.00164,1.6,0.24
0.00166,1.6,0.232
0.00168,1.68,0.24
0.0017,1.68,0.24
0.00172,1.68,0.232
0.00174,1.68,0.248
0.00176,1.76,0.24
0.00178,1.68,0.24
0.0018,1.76,0.248
0.00182,1.76,0.248
0.00184,1.76,0.248
0.00186,1.76,0.256
0.00188,1.76,0.264
0.0019,1.76,0.256
0.00192,1.84,0.256
0.00194,1.84,0.264
0.00196,1.84,0.256
0.00198,1.84,0.256
0.002,1.84,0.272
0.00202,1.84,0.264
0.00204,1.84,0.272
0.00206,1.92,0.264
0.00208,1.92,0.272
0.0021,1.92,0.288
0.00212,1.92,0.272
0.00214,1.92,0.272
0.00216,1.92,0.272
0.00218,1.92,0.272
0.0022,2,0.288
0.00222,2,0.288
0.00224,2,0.296
0.00226,2,0.296
0.00228,2,0.288
0.0023,2.08,0.288
0.00232,2.08,0.28
0.00234,2,0.296
0.00236,2.08,0.296
0.00238,2.08,0.296
0.0024,2.08,0.304
0.00242,2.08,0.304
0.00244,2.16,0.296
0.00246,2.16,0.304
0.00248,2.16,0.296
0.0025,2.24,0.304
0.00252,2.24,0.312
0.00254,2.24,0.312
0.00256,2.24,0.312
0.00258,2.24,0.312
0.0026,2.32,0.312
0.00262,2.32,0.312
0.00264,2.32,0.32
0.00266,2.32,0.312
0.00268,2.32,0.32
0.0027,2.32,0.32
0.00272,2.4,0.312
0.00274,2.4,0.32
0.00276,2.4,0.32
0.00278,2.4,0.328
0.0028,2.4,0.328
0.00282,2.4,0.336
0.00284,2.4,0.344
0.00286,2.48,0.328
0.00288,2.48,0.336
0.0029,2.48,0.328
0.00292,2.48,0.328
0.00294,2.48,0.344
0.00296,2.48,0.344
0.00298,2.56,0.344
0.003,2.56,0.344
0.00302,2.56,0.344
0.00304,2.56,0.344
0.00306,2.56,0.352
0.00308,2.64,0.352
0.0031,2.64,0.36
0.00312,2.64,0.36
0.00314,2.56,0.368
0.00316,2.64,0.368
0.00318,2.72,0.368
0.0032,2.64,0.368
0.00322,2.64,0.36
0.00324,2.72,0.36
0.00326,2.72,0.368
0.00328,2.72,0.368
0.0033,2.72,0.36
0.00332,2.72,0.36
0.00334,2.8,0.368
0.00336,2.72,0.376
0.00338,2.8,0.376
0.0034,2.8,0.36
0.00342,2.8,0.368
0.00344,2.8,0.376
0.00346,2.8,0.376
0.00348,2.88,0.384
0.0035,2.88,0.384
0.00352,2.88,0.376
0.00354,2.88,0.384
0.00356,2.96,0.384
0.00358,2.96,0.4
0.0036,2.96,0.392
0.00362,2.96,0.392
0.00364,2.96,0.384
0.00366,2.96,0.392
0.00368,3.04,0.408
0.0037,3.04,0.392
0.00372,3.04,0.408
0.00374,3.04,0.392
0.00376,3.04,0.408
0.00378,3.12,0.4
0.0038,3.04,0.416
0.00382,3.12,0.408
0.00384,3.12,0.416
0.00386,3.12,0.416
0.00388,3.12,0.408
0.0039,3.2,0.416
0.00392,3.2,0.424
0.00394,3.2,0.424
0.00396,3.2,0.416
0.00398,3.2,0.424
0.004,3.2,0.424
0.00402,3.28,0.416
0.00404,3.28,0.424
0.00406,3.28,0.416
0.00408,3.28,0.432
0.0041,3.28,0.424
0.00412,3.36,0.432
0.00414,3.36,0.432
0.00416,3.36,0.424
0.00418,3.36,0.432
0.0042,3.36,0.432
0.00422,3.36,0.432
0.00424,3.36,0.432
0.00426,3.36,0.44
0.00428,3.44,0.44
0.0043,3.44,0.456
0.00432,3.44,0.44
0.00434,3.44,0.456
0.00436,3.52,0.424
0.00438,3.44,0.384
0.0044,3.36,0.376
0.00442,3.44,0.352
0.00444,3.36,0.352
0.00446,3.36,0.344
0.00448,3.36,0.336
0.0045,3.36,0.328
0.00452,3.36,0.328
0.00454,3.28,0.328
0.00456,3.28,0.328
0.00458,3.28,0.32
0.0046,3.28,0.312
0.00462,3.28,0.312
0.00464,3.28,0.304
0.00466,3.2,0.304
0.00468,3.2,0.312
0.0047,3.2,0.312
0.00472,3.2,0.304
0.00474,3.12,0.304
0.00476,3.12,0.296
0.00478,3.12,0.296
0.0048,3.12,0.296
0.00482,3.04,0.304
0.00484,3.04,0.296
0.00486,3.12,0.304
0.00488,3.04,0.296
0.0049,3.04,0.288
0.00492,3.04,0.28
0.00494,3.04,0.272
0.00496,3.04,0.288
0.00498,2.96,0.28
0.005,2.96,0.272
0.00502,2.96,0.264
0.00504,2.96,0.272
0.00506,2.88,0.272
0.00508,2.88,0.272
0.0051,2.88,0.272
0.00512,2.88,0.272
0.00514,2.8,0.264
0.00516,2.8,0.264
0.00518,2.8,0.272
0.0052,2.88,0.272
0.00522,2.8,0.264
0.00524,2.8,0.248
0.00526,2.8,0.248
0.00528,2.72,0.256
0.0053,2.72,0.264
0.00532,2.72,0.256
0.00534,2.72,0.24
0.00536,2.72,0.248
0.00538,2.72,0.256
0.0054,2.72,0.256
0.00542,2.72,0.256
0.00544,2.72,0.24
0.00546,2.64,0.24
0.00548,2.64,0.24
0.0055,2.64,0.256
0.00552,2.56,0.248
0.00554,2.56,0.232
0.00556,2.56,0.232
0.00558,2.56,0.232
0.0056,2.56,0.224
0.00562,2.56,0.232
0.00564,2.56,0.232
0.00566,2.56,0.224
0.00568,2.48,0.232
0.0057,2.48,0.232
0.00572,2.56,0.216
0.00574,2.48,0.224
0.00576,2.48,0.216
0.00578,2.4,0.216
0.0058,2.4,0.216
0.00582,2.48,0.216
0.00584,2.4,0.216
0.00586,2.4,0.2
0.00588,2.4,0.216
0.0059,2.4,0.208
0.00592,2.4,0.208
0.00594,2.32,0.216
0.00596,2.32,0.2
0.00598,2.32,0.208
0.006,2.32,0.2
0.00602,2.32,0.2
0.00604,2.24,0.192
0.00606,2.24,0.2
0.00608,2.24,0.192
0.0061,2.24,0.192
0.00612,2.24,0.192
0.00614,2.16,0.192
0.00616,2.16,0.192
0.00618,2.16,0.192
0.0062,2.08,0.192
0.00622,2.08,0.184
0.00624,2.08,0.192
0.00626,2.08,0.192
0.00628,2.16,0.184
0.0063,2.08,0.176
0.00632,2.08,0.176
0.00634,2,0.176
0.00636,2,0.176
0.00638,2,0.184
0.0064,2,0.176
0.00642,2,0.176
0.00644,2,0.176
0.00646,2,0.176
0.00648,1.92,0.16
0.0065,1.92,0.16
0.00652,1.92,0.16
0.00654,1.84,0.152
0.00656,1.84,0.168
0.00658,1.84,0.16
0.0066,1.84,0.16
0.00662,1.84,0.152
0.00664,1.84,0.152
0.00666,1.84,0.152
0.00668,1.84,0.144
0.0067,1.84,0.152
0.00672,1.84,0.152
0.00674,1.76,0.144
0.00676,1.76,0.152
0.00678,1.76,0.144
0.0068,1.68,0.144
0.00682,1.68,0.128
0.00684,1.68,0.136
0.00686,1.68,0.144
0.00688,1.68,0.136
0.0069,1.68,0.128
0.00692,1.68,0.136
0.00694,1.68,0.128
0.00696,1.6,0.128
0.00698,1.6,0.12
0.007,1.6,0.12
0.00702,1.6,0.128
0.00704,1.52,0.112
0.00706,1.52,0.12
0.00708,1.52,0.12
0.0071,1.52,0.112
0.00712,1.52,0.104
0.00714,1.52,0.112
0.00716,1.52,0.112
0.00718,1.52,0.112
0.0072,1.52,0.104
0.00722,1.44,0.112
0.00724,1.44,0.104
0.00726,1.44,0.104
0.00728,1.36,0.104
0.0073,1.36,0.104
0.00732,1.36,0.088
0.00734,1.36,0.096
0.00736,1.36,0.104
0.00738,1.36,0.096
0.0074,1.36,0.096
0.00742,1.28,0.08
0.00744,1.28,0.088
0.00746,1.28,0.096
0.00748,1.28,0.088
0.0075,1.28,0.088
0.00752,1.2,0.088
0.00754,1.2,0.08
0.00756,1.2,0.072
0.00758,1.2,0.072
0.0076,1.2,0.088
0.00762,1.12,0.08
0.00764,1.12,0.08
0.00766,1.2,0.08
0.00768,1.12,0.072
0.0077,1.12,0.072
0.00772,1.12,0.072
0.00774,1.04,0.056
0.00776,1.04,0.064
0.00778,1.04,0.064
0.0078,1.04,0.056
0.00782,1.04,0.056
0.00784,1.04,0.064
0.00786,0.96,0.056
0.00788,0.96,0.048
0.0079,0.96,0.056
0.00792,0.96,0.048
0.00794,0.96,0.04
0.00796,0.96,0.048
0.00798,0.96,0.04
0.008,0.96,0.056
0.00802,0.88,0.048
0.00804,0.88,0.048
0.00806,0.88,0.04
0.00808,0.88,0.04
0.0081,0.88,0.04
0.00812,0.8,0.032
0.00814,0.8,0.024
0.00816,0.8,0.032
0.00818,0.8,0.024
0.0082,0.8,0.024
0.00822,0.72,0.032
0.00824,0.72,0.04
0.00826,0.72,0.024
0.00828,0.72,0.024
0.0083,0.72,0.024
0.00832,0.72,0.024
0.00834,0.72,0.024
0.00836,0.64,0.024
0.00838,0.64,0.016
0.0084,0.64,0.016
0.00842,0.64,0.008
0.00844,0.56,0.016
0.00846,0.56,0.016
0.00848,0.56,0.016
0.0085,0.56,0.016
0.00852,0.56,0
0.00854,0.56,0.008
0.00856,0.48,0.008
0.00858,0.48,0.008
0.0086,0.48,0.008
0.00862,0.48,-0.008
0.00864,0.48,0
0.00866,0.48,0
0.00868,0.4,-0.008
0.0087,0.4,-0.016
0.00872,0.4,-0.008
0.00874,0.4,-0.016
0.00876,0.32,-0.016
0.00878,0.4,-0.008
0.0088,0.4,-0.008
0.00882,0.32,-0.024
0.00884,0.32,-0.016
0.00886,0.24,-0.016
0.00888,0.24,-0.024
0.0089,0.24,-0.024
0.00892,0.24,-0.024
0.00894,0.24,-0.032
0.00896,0.24,-0.032
0.00898,0.24,-0.024
0.009,0.24,-0.032
0.00902,0.16,-0.04
0.00904,0.24,-0.024
0.00906,0.24,-0.04
0.00908,0.16,-0.024
0.0091,0.16,-0.032
0.00912,0.16,-0.04
0.00914,0.16,-0.04
0.00916,0.16,-0.048
0.00918,0.16,-0.056
0.0092,0.08,-0.048
0.00922,0.08,-0.04
0.00924,0.08,-0.056
0.00926,0,-0.064
0.00928,0.08,-0.056
0.0093,0.08,-0.048
0.00932,0,-0.064
0.00934,0,-0.056
0.00936,0,-0.064
0.00938,0,-0.056
0.0094,0,-0.056
0.00942,-0.08,-0.072
0.00944,-0.08,-0.072
0.00946,-0.16,-0.064
0.00948,-0.16,-0.072
0.0095,-0.16,-0.072
0.00952,-0.16,-0.064
0.00954,-0.16,-0.08
0.00956,-0.16,-0.072
0.00958,-0.16,-0.088
0.0096,-0.16,-0.08
0.00962,-0.24,-0.08
0.00964,-0.24,-0.088
0.00966,-0.24,-0.08
0.00968,-0.24,-0.08
0.0097,-0.32,-0.088
0.00972,-0.32,-0.096
0.00974,-0.32,-0.088
0.00976,-0.32,-0.096
0.00978,-0.32,-0.088
0.0098,-0.32,-0.096
0.00982,-0.4,-0.096
0.00984,-0.4,-0.104
0.00986,-0.4,-0.104
0.00988,-0.4,-0.096
0.0099,-0.4,-0.112
0.00992,-0.4,-0.104
0.00994,-0.48,-0.112
0.00996,-0.4,-0.112
0.00998,-0.48,-0.112
0.01,-0.48,-0.104
0.01002,-0.48,-0.112
0.01004,-0.48,-0.112
0.01006,-0.56,-0.12
0.01008,-0.48,-0.112
0.0101,-0.56,-0.12
0.01012,-0.56,-0.128
0.01014,-0.56,-0.12
0.01016,-0.56,-0.12
0.01018,-0.56,-0.12
0.0102,-0.64,-0.12
0.01022,-0.64,-0.12
0.01024,-0.64,-0.128
0.01026,-0.64,-0.136
0.01028,-0.72,-0.128
0.0103,-0.64,-0.128
0.01032,-0.72,-0.136
0.01034,-0.8,-0.128
0.01036,-0.8,-0.144
0.01038,-0.72,-0.144
0.0104,-0.8,-0.136
0.01042,-0.8,-0.136
0.01044,-0.8,-0.144
0.01046,-0.8,-0.136
0.01048,-0.8,-0.144
0.0105,-0.8,-0.144
0.01052,-0.8,-0.152
0.01054,-0.88,-0.16
0.01056,-0.88,-0.16
0.01058,-0.88,-0.16
0.0106,-0.88,-0.152
0.01062,-0.88,-0.168
0.01064,-0.96,-0.168
0.01066,-0.96,-0.168
0.01068,-1.04,-0.16
0.0107,-1.04,-0.168
0.01072,-1.04,-0.168
0.01074,-1.04,-0.168
0.01076,-1.04,-0.176
0.01078,-1.04,-0.168
0.0108,-1.04,-0.176
0.01082,-1.12,-0.176
0.01084,-1.12,-0.168
0.01086,-1.12,-0.176
0.01088,-1.12,-0.176
0.0109,-1.2,-0.176
0.01092,-1.2,-0.184
0.01094,-1.2,-0.184
0.01096,-1.2,-0.184
0.01098,-1.2,-0.192
0.011,-1.2,-0.184
0.01102,-1.2,-0.184
0.01104,-1.28,-0.2
0.01106,-1.28,-0.192
0.01108,-1.28,-0.2
0.0111,-1.28,-0.208
0.01112,-1.28,-0.2
0.01114,-1.28,-0.192
0.01116,-1.36,-0.2
0.01118,-1.36,-0.2
0.0112,-1.28,-0.208
0.01122,-1.36,-0.2
0.01124,-1.36,-0.2
0.01126,-1.36,-0.208
0.01128,-1.36,-0.208
0.0113,-1.36,-0.216
0.01132,-1.36,-0.224
0.01134,-1.44,-0.216
0.01136,-1.44,-0.216
0.01138,-1.44,-0.224
0.0114,-1.44,-0.216
0.01142,-1.44,-0.224
0.01144,-1.44,-0.232
0.01146,-1.52,-0.224
0.01148,-1.44,-0.216
0.0115,-1.52,-0.232
0.01152,-1.52,-0.224
0.01154,-1.52,-0.232
0.01156,-1.52,-0.224
0.01158,-1.6,-0.24
0.0116,-1.52,-0.24
0.01162,-1.6,-0.224
0.01164,-1.68,-0.248
0.01166,-1.68,-0.24
0.01168,-1.68,-0.24
0.0117,-1.68,-0.248
0.01172,-1.76,-0.24
0.01174,-1.68,-0.232
0.01176,-1.76,-0.256
0.01178,-1.76,-0.24
0.0118,-1.76,-0.256
0.01182,-1.76,-0.256
0.01184,-1.76,-0.248
0.01186,-1.76,-0.256
0.01188,-1.76,-0.264
0.0119,-1.84,-0.248
0.01192,-1.84,-0.256
0.01194,-1.84,-0.264
0.01196,-1.84,-0.256
0.01198,-1.84,-0.264
0.012,-1.84,-0.264
0.01202,-1.92,-0.272
0.01204,-1.92,-0.272
0.01206,-1.92,-0.264
0.01208,-1.92,-0.28
0.0121,-1.92,-0.272
0.01212,-1.92,-0.272
0.01214,-2,-0.28
0.01216,-2,-0.28
0.01218,-2,-0.288
0.0122,-2,-0.28
0.01222,-2,-0.296
0.01224,-2.08,-0.288
0.01226,-2.08,-0.28
0.01228,-2.08,-0.296
0.0123,-2.08,-0.296
0.01232,-2.08,-0.304
0.01234,-2.08,-0.288
0.01236,-2.16,-0.304
0.01238,-2.16,-0.288
0.0124,-2.16,-0.296
0.01242,-2.16,-0.296
0.01244,-2.16,-0.288
0.01246,-2.16,-0.304
0.01248,-2.24,-0.304
0.0125,-2.16,-0.304
0.01252,-2.24,-0.312
0.01254,-2.24,-0.304
0.01256,-2.24,-0.304
0.01258,-2.32,-0.304
0.0126,-2.24,-0.328
0.01262,-2.32,-0.312
0.01264,-2.24,-0.312
0.01266,-2.32,-0.312
0.01268,-2.4,-0.32
0.0127,-2.32,-0.312
0.01272,-2.4,-0.312
0.01274,-2.4,-0.32
0.01276,-2.4,-0.336
0.01278,-2.4,-0.328
0.0128,-2.4,-0.312
0.01282,-2.48,-0.328
0.01284,-2.48,-0.328
0.01286,-2.48,-0.344
0.01288,-2.48,-0.336
0.0129,-2.56,-0.344
0.01292,-2.56,-0.336
0.01294,-2.56,-0.344
0.01296,-2.56,-0.344
0.01298,-2.56,-0.344
0.013,-2.56,-0.344
0.01302,-2.56,-0.344
0.01304,-2.64,-0.352
0.01306,-2.64,-0.352
0.01308,-2.64,-0.352
0.0131,-2.64,-0.352
0.01312,-2.64,-0.344
0.01314,-2.64,-0.36
0.01316,-2.72,-0.36
0.01318,-2.72,-0.36
0.0132,-2.72,-0.368
0.01322,-2.72,-0.36
0.01324,-2.72,-0.376
0.01326,-2.72,-0.376
0.01328,-2.8,-0.368
0.0133,-2.8,-0.368
0.01332,-2.8,-0.36
0.01334,-2.8,-0.376
0.01336,-2.88,-0.376
0.01338,-2.88,-0.376
0.0134,-2.88,-0.368
0.01342,-2.88,-0.384
0.01344,-2.88,-0.384
0.01346,-2.88,-0.368
0.01348,-2.88,-0.384
0.0135,-2.88,-0.384
0.01352,-2.88,-0.384
0.01354,-2.96,-0.368
0.01356,-2.96,-0.392
0.01358,-2.96,-0.4
0.0136,-2.96,-0.392
0.01362,-2.96,-0.392
0.01364,-2.96,-0.384
0.01366,-3.04,-0.4
0.01368,-3.04,-0.392
0.0137,-3.04,-0.4
0.01372,-3.04,-0.4
0.01374,-3.04,-0.384
0.01376,-3.04,-0.408
0.01378,-3.04,-0.4
0.0138,-3.12,-0.408
0.01382,-3.2,-0.408
0.01384,-3.2,-0.408
0.01386,-3.12,-0.408
0.01388,-3.2,-0.408
0.0139,-3.12,-0.416
0.01392,-3.2,-0.424
0.01394,-3.2,-0.424
0.01396,-3.28,-0.408
0.01398,-3.2,-0.416
0.014,-3.28,-0.416
0.01402,-3.28,-0.424
0.01404,-3.28,-0.424
0.01406,-3.28,-0.424
0.01408,-3.28,-0.424
0.0141,-3.36,-0.432
0.01412,-3.36,-0.424
0.01414,-3.36,-0.432
0.01416,-3.36,-0.432
0.01418,-3.36,-0.44
0.0142,-3.44,-0.44
0.01422,-3.44,-0.448
0.01424,-3.36,-0.448
0.01426,-3.44,-0.448
0.01428,-3.44,-0.44
0.0143,-3.44,-0.448
0.01432,-3.44,-0.44
0.01434,-3.52,-0.448
0.01436,-3.44,-0.424
0.01438,-3.44,-0.4
0.0144,-3.44,-0.368
0.01442,-3.44,-0.352
0.01444,-3.36,-0.352
0.01446,-3.36,-0.344
0.01448,-3.36,-0.336
0.0145,-3.36,-0.328
0.01452,-3.36,-0.32
0.01454,-3.36,-0.312
0.01456,-3.28,-0.328
0.01458,-3.28,-0.312
0.0146,-3.28,-0.312
0.01462,-3.28,-0.312
0.01464,-3.28,-0.304
0.01466,-3.28,-0.312
0.01468,-3.28,-0.304
0.0147,-3.2,-0.304
0.01472,-3.2,-0.304
0.01474,-3.2,-0.288
0.01476,-3.2,-0.304
0.01478,-3.12,-0.304
0.0148,-3.12,-0.296
0.01482,-3.12,-0.296
0.01484,-3.12,-0.296
0.01486,-3.04,-0.296
0.01488,-3.04,-0.296
0.0149,-3.04,-0.288
0.01492,-3.04,-0.28
0.01494,-2.96,-0.288
0.01496,-3.04,-0.288
0.01498,-3.04,-0.288
0.015,-2.96,-0.28
0.01502,-2.96,-0.28
0.01504,-2.96,-0.272
0.01506,-2.96,-0.28
0.01508,-2.96,-0.28
0.0151,-2.96,-0.272
0.01512,-2.96,-0.272
0.01514,-2.96,-0.272
0.01516,-2.88,-0.272
0.01518,-2.88,-0.272
0.0152,-2.88,-0.264
0.01522,-2.88,-0.264
0.01524,-2.8,-0.272
0.01526,-2.88,-0.264
0.01528,-2.8,-0.256
0.0153,-2.8,-0.264
0.01532,-2.8,-0.256
0.01534,-2.8,-0.256
0.01536,-2.72,-0.248
0.01538,-2.8,-0.256
0.0154,-2.72,-0.248
0.01542,-2.72,-0.248
0.01544,-2.72,-0.248
0.01546,-2.72,-0.24
0.01548,-2.64,-0.24
0.0155,-2.64,-0.248
0.01552,-2.64,-0.232
0.01554,-2.64,-0.24
0.01556,-2.64,-0.224
0.01558,-2.56,-0.232
0.0156,-2.64,-0.224
0.01562,-2.56,-0.232
0.01564,-2.56,-0.232
0.01566,-2.56,-0.224
0.01568,-2.56,-0.224
0.0157,-2.56,-0.216
0.01572,-2.48,-0.224
0.01574,-2.48,-0.224
0.01576,-2.48,-0.216
0.01578,-2.48,-0.224
0.0158,-2.48,-0.216
0.01582,-2.48,-0.216
0.01584,-2.4,-0.216
0.01586,-2.4,-0.216
0.01588,-2.48,-0.216
0.0159,-2.4,-0.224
0.01592,-2.4,-0.216
0.01594,-2.32,-0.224
0.01596,-2.32,-0.2
0.01598,-2.32,-0.2
0.016,-2.32,-0.2
0.01602,-2.32,-0.208
0.01604,-2.24,-0.2
0.01606,-2.24,-0.2
0.01608,-2.24,-0.2
0.0161,-2.24,-0.192
0.01612,-2.24,-0.2
0.01614,-2.24,-0.184
0.01616,-2.24,-0.184
0.01618,-2.16,-0.184
0.0162,-2.16,-0.184
0.01622,-2.16,-0.184
0.01624,-2.16,-0.184
0.01626,-2.16,-0.176
0.01628,-2.16,-0.176
0.0163,-2.08,-0.184
0.01632,-2.08,-0.184
0.01634,-2.08,-0.184
0.01636,-2.08,-0.184
0.01638,-2,-0.184
0.0164,-2,-0.168
0.01642,-2,-0.16
0.01644,-2,-0.168
0.01646,-2,-0.176
0.01648,-2,-0.152
0.0165,-1.92,-0.16
0.01652,-1.92,-0.168
0.01654,-1.92,-0.152
0.01656,-1.92,-0.16
0.01658,-1.92,-0.152
0.0166,-1.92,-0.16
0.01662,-1.92,-0.152
0.01664,-1.84,-0.16
0.01666,-1.92,-0.152
0.01668,-1.84,-0.144
0.0167,-1.84,-0.152
0.01672,-1.76,-0.152
0.01674,-1.84,-0.152
0.01676,-1.76,-0.144
0.01678,-1.76,-0.144
0.0168,-1.84,-0.144
0.01682,-1.76,-0.144
0.01684,-1.76,-0.136
0.01686,-1.68,-0.136
0.01688,-1.68,-0.136
0.0169,-1.68,-0.128
0.01692,-1.68,-0.128
0.01694,-1.68,-0.136
0.01696,-1.68,-0.128
0.01698,-1.6,-0.136
0.017,-1.6,-0.12
0.01702,-1.6,-0.12
0.01704,-1.6,-0.128
0.01706,-1.52,-0.128
0.01708,-1.6,-0.12
0.0171,-1.52,-0.128
0.01712,-1.52,-0.112
0.01714,-1.52,-0.112
0.01716,-1.44,-0.112
0.01718,-1.44,-0.12
0.0172,-1.52,-0.112
0.01722,-1.44,-0.112
0.01724,-1.44,-0.104
0.01726,-1.44,-0.104
0.01728,-1.36,-0.112
0.0173,-1.36,-0.104
0.01732,-1.36,-0.104
0.01734,-1.36,-0.096
0.01736,-1.36,-0.096
0.01738,-1.36,-0.096
0.0174,-1.36,-0.104
0.01742,-1.36,-0.096
0.01744,-1.28,-0.088
0.01746,-1.36,-0.08
0.01748,-1.28,-0.088
0.0175,-1.28,-0.088
0.01752,-1.28,-0.088
0.01754,-1.28,-0.08
0.01756,-1.2,-0.08
0.01758,-1.28,-0.088
0.0176,-1.2,-0.08
0.01762,-1.2,-0.072
0.01764,-1.2,-0.064
0.01766,-1.2,-0.072
0.01768,-1.12,-0.072
0.0177,-1.12,-0.072
0.01772,-1.12,-0.072
0.01774,-1.12,-0.064
0.01776,-1.04,-0.064
0.01778,-1.04,-0.056
0.0178,-1.04,-0.056
0.01782,-1.12,-0.048
0.01784,-1.04,-0.048
0.01786,-1.04,-0.056
0.01788,-1.04,-0.056
0.0179,-1.04,-0.056
0.01792,-1.04,-0.048
0.01794,-0.96,-0.04
0.01796,-0.96,-0.048
0.01798,-0.96,-0.04
0.018,-0.96,-0.048
0.01802,-0.96,-0.04
0.01804,-0.96,-0.04
0.01806,-0.88,-0.04
0.01808,-0.88,-0.032
0.0181,-0.96,-0.04
0.01812,-0.88,-0.048
0.01814,-0.8,-0.032
0.01816,-0.8,-0.024
0.01818,-0.8,-0.032
0.0182,-0.8,-0.024
0.01822,-0.72,-0.024
0.01824,-0.8,-0.016
0.01826,-0.72,-0.024
0.01828,-0.72,-0.016
0.0183,-0.72,-0.016
0.01832,-0.72,-0.024
0.01834,-0.72,-0.016
0.01836,-0.72,-0.024
0.01838,-0.64,-0.008
0.0184,-0.64,-0.008
0.01842,-0.64,-0.008
0.01844,-0.64,-0.008
0.01846,-0.64,-0.008
0.01848,-0.56,-0.008
0.0185,-0.56,-0.008
0.01852,-0.56,0
0.01854,-0.56,0
0.01856,-0.56,0.008
0.01858,-0.48,0.008
0.0186,-0.48,0
0.01862,-0.48,0.016
0.01864,-0.48,0.008
0.01866,-0.48,0.008
0.01868,-0.48,0.016
0.0187,-0.48,0
0.01872,-0.4,0.008
0.01874,-0.4,0.016
0.01876,-0.4,0.016
0.01878,-0.4,0.024
0.0188,-0.4,0.024
0.01882,-0.32,0.024
0.01884,-0.32,0.016
0.01886,-0.32,0.016
0.01888,-0.32,0.024
0.0189,-0.24,0.032
0.01892,-0.32,0.032
0.01894,-0.32,0.024
0.01896,-0.24,0.024
0.01898,-0.24,0.04
0.019,-0.24,0.032
0.01902,-0.16,0.04
0.01904,-0.16,0.032
0.01906,-0.16,0.032
0.01908,-0.08,0.032
0.0191,-0.08,0.04
0.01912,-0.16,0.048
0.01914,-0.16,0.048
0.01916,-0.08,0.04
0.01918,-0.16,0.048
0.0192,-0.08,0.048
0.01922,0,0.056
0.01924,-0.08,0.04
0.01926,0,0.04
0.01928,0,0.056
0.0193,0,0.072
0.01932,0,0.056
0.01934,0,0.064
0.01936,0.08,0.056
0.01938,0.08,0.056
0.0194,0.08,0.064
0.01942,0.16,0.064
0.01944,0.08,0.072
0.01946,0.08,0.064
0.01948,0.16,0.08
0.0195,0.16,0.072
0.01952,0.16,0.08
0.01954,0.16,0.08
0.01956,0.16,0.072
0.01958,0.24,0.08
0.0196,0.24,0.072
0.01962,0.16,0.072
0.01964,0.24,0.08
0.01966,0.24,0.08
0.01968,0.24,0.08
0.0197,0.24,0.096
0.01972,0.24,0.096
0.01974,0.32,0.096
0.01976,0.32,0.096
0.01978,0.24,0.088
0.0198,0.32,0.096
0.01982,0.32,0.096
0.01984,0.4,0.104
0.01986,0.4,0.08
0.01988,0.4,0.096
0.0199,0.4,0.104
0.01992,0.4,0.104
0.01994,0.4,0.104
0.01996,0.4,0.096
0.01998,0.48,0.104
0.02,0.48,0.112
0.02002,0.4,0.12
0.02004,0.48,0.112
0.02006,0.48,0.112
0.02008,0.48,0.104
0.0201,0.56,0.112
0.02012,0.48,0.12
0.02014,0.56,0.12
0.02016,0.56,0.128
0.02018,0.56,0.136
0.0202,0.56,0.12
0.02022,0.64,0.136
0.02024,0.64,0.136
0.02026,0.64,0.136
0.02028,0.64,0.128
0.0203,0.64,0.128
0.02032,0.72,0.136
0.02034,0.72,0.136
0.02036,0.72,0.136
0.02038,0.72,0.144
0.0204,0.72,0.144
0.02042,0.8,0.136
0.02044,0.8,0.144
0.02046,0.8,0.144
0.02048,0.88,0.144
0.0205,0.8,0.144
0.02052,0.88,0.144
0.02054,0.8,0.16
0.02056,0.88,0.16
0.02058,0.88,0.16
0.0206,0.88,0.16
0.02062,0.88,0.152
0.02064,0.88,0.168
0.02066,0.96,0.168
0.02068,0.88,0.16
0.0207,0.96,0.168
0.02072,0.96,0.16
0.02074,0.96,0.176
0.02076,0.96,0.16
0.02078,1.04,0.176
0.0208,1.04,0.168
0.02082,1.04,0.176
0.02084,1.04,0.184
0.02086,1.04,0.176
0.02088,1.04,0.184
0.0209,1.04,0.184
0.02092,1.12,0.176
0.02094,1.12,0.184
0.02096,1.12,0.192
0.02098,1.12,0.184
0.021,1.12,0.192
0.02102,1.12,0.184
0.02104,1.2,0.184
0.02106,1.2,0.192
0.02108,1.2,0.192
0.0211,1.2,0.2
0.02112,1.2,0.2
0.02114,1.2,0.2
0.02116,1.28,0.2
0.02118,1.28,0.192
0.0212,1.28,0.208
0.02122,1.28,0.2
0.02124,1.28,0.208
0.02126,1.28,0.208
0.02128,1.36,0.2
0.0213,1.36,0.208
0.02132,1.36,0.216
0.02134,1.36,0.216
0.02136,1.44,0.216
0.02138,1.44,0.208
0.0214,1.44,0.216
0.02142,1.44,0.224
0.02144,1.52,0.216
0.02146,1.52,0.216
0.02148,1.52,0.232
0.0215,1.52,0.232
0.02152,1.52,0.232
0.02154,1.52,0.224
0.02156,1.52,0.232
0.02158,1.6,0.224
0.0216,1.6,0.24
0.02162,1.6,0.24
0.02164,1.6,0.232
0.02166,1.6,0.24
0.02168,1.6,0.232
0.0217,1.68,0.24
0.02172,1.68,0.24
0.02174,1.68,0.248
0.02176,1.68,0.256
0.02178,1.68,0.256
0.0218,1.76,0.256
0.02182,1.76,0.256
0.02184,1.76,0.248
0.02186,1.76,0.256
0.02188,1.76,0.256
0.0219,1.76,0.264
0.02192,1.84,0.272
0.02194,1.84,0.272
0.02196,1.84,0.248
0.02198,1.84,0.256
0.022,1.84,0.264
0.02202,1.84,0.28
0.02204,1.84,0.272
0.02206,1.84,0.272
0.02208,1.92,0.264
0.0221,1.92,0.272
0.02212,1.92,0.28
0.02214,1.92,0.272
0.02216,2,0.272
0.02218,1.92,0.288
0.0222,1.92,0.288
0.02222,2,0.28
0.02224,2,0.288
0.02226,2,0.288
0.02228,2,0.288
0.0223,2.08,0.288
0.02232,2.08,0.288
0.02234,2.08,0.296
0.02236,2.08,0.288
0.02238,2.08,0.304
0.0224,2.08,0.304
0.02242,2.16,0.296
0.02244,2.08,0.304
0.02246,2.16,0.304
0.02248,2.16,0.296
0.0225,2.24,0.304
0.02252,2.16,0.32
0.02254,2.24,0.304
0.02256,2.24,0.304
0.02258,2.24,0.312
0.0226,2.32,0.312
0.02262,2.24,0.32
0.02264,2.32,0.328
0.02266,2.32,0.32
0.02268,2.32,0.32
0.0227,2.24,0.312
0.02272,2.32,0.32
0.02274,2.4,0.32
0.02276,2.4,0.32
0.02278,2.4,0.32
0.0228,2.4,0.328
0.02282,2.4,0.336
0.02284,2.4,0.328
0.02286,2.4,0.336
0.02288,2.4,0.336
0.0229,2.48,0.336
0.02292,2.48,0.328
0.02294,2.56,0.344
0.02296,2.56,0.344
0.02298,2.56,0.344
0.023,2.56,0.344
0.02302,2.56,0.352
0.02304,2.56,0.352
0.02306,2.56,0.36
0.02308,2.56,0.352
0.0231,2.64,0.352
0.02312,2.64,0.352
0.02314,2.64,0.36
0.02316,2.64,0.352
0.02318,2.72,0.352
0.0232,2.72,0.352
0.02322,2.72,0.36
0.02324,2.72,0.368
0.02326,2.72,0.36
0.02328,2.72,0.36
0.0233,2.72,0.368
0.02332,2.72,0.368
0.02334,2.8,0.376
0.02336,2.72,0.376
0.02338,2.8,0.368
0.0234,2.8,0.368
0.02342,2.8,0.376
0.02344,2.8,0.368
0.02346,2.8,0.384
0.02348,2.8,0.384
0.0235,2.88,0.376
0.02352,2.88,0.384
0.02354,2.88,0.384
0.02356,2.88,0.384
0.02358,2.88,0.392
0.0236,2.96,0.384
0.02362,2.96,0.392
0.02364,2.96,0.4
0.02366,2.96,0.392
0.02368,3.04,0.384
0.0237,3.04,0.408
0.02372,3.04,0.4
0.02374,3.04,0.408
0.02376,3.12,0.4
0.02378,3.04,0.4
0.0238,3.12,0.4
0.02382,3.12,0.4
0.02384,3.12,0.408
0.02386,3.12,0.416
0.02388,3.2,0.408
0.0239,3.2,0.408
0.02392,3.2,0.408
0.02394,3.2,0.408
0.02396,3.2,0.416
0.02398,3.2,0.416
0.024,3.2,0.424
0.02402,3.28,0.408
0.02404,3.28,0.424
0.02406,3.28,0.424
0.02408,3.28,0.432
0.0241,3.28,0.432
0.02412,3.28,0.432
0.02414,3.36,0.432
0.02416,3.36,0.432
0.02418,3.36,0.432
0.0242,3.36,0.432
0.02422,3.44,0.44
0.02424,3.44,0.44
0.02426,3.44,0.448
0.02428,3.44,0.448
0.0243,3.44,0.448
0.02432,3.44,0.456
0.02434,3.44,0.464
0.02436,3.44,0.424
0.02438,3.44,0.392
0.0244,3.36,0.368
0.02442,3.44,0.36
0.02444,3.36,0.352
0.02446,3.36,0.352
0.02448,3.36,0.328
0.0245,3.28,0.32
0.02452,3.36,0.328
0.02454,3.28,0.32
0.02456,3.28,0.328
0.02458,3.28,0.32
0.0246,3.28,0.312
0.02462,3.2,0.312
0.02464,3.2,0.304
0.02466,3.2,0.296
0.02468,3.2,0.304
0.0247,3.2,0.304
0.02472,3.2,0.312
0.02474,3.2,0.304
0.02476,3.12,0.304
0.02478,3.12,0.312
0.0248,3.12,0.296
0.02482,3.12,0.288
0.02484,3.12,0.288
0.02486,3.12,0.288
0.02488,3.04,0.28
0.0249,3.04,0.288
0.02492,3.04,0.288
0.02494,3.04,0.288
0.02496,3.04,0.28
0.02498,3.04,0.28
0.025,2.96,0.28
0.02502,3.04,0.272
0.02504,2.88,0.272
0.02506,2.88,0.272
0.02508,2.88,0.272
0.0251,2.88,0.28
0.02512,2.88,0.272
0.02514,2.88,0.28
0.02516,2.88,0.272
0.02518,2.8,0.272
0.0252,2.8,0.264
0.02522,2.8,0.272
0.02524,2.8,0.256
0.02526,2.72,0.264
