-0.125,-1,-0.048
-0.1249,-1,-0.044
-0.1248,-1,-0.048
-0.1247,-1.2,-0.052
-0.1246,-1.2,-0.052
-0.1245,-1.2,-0.056
-0.1244,-1.2,-0.048
-0.1243,-1.2,-0.052
-0.1242,-1.2,-0.052
-0.1241,-1.4,-0.056
-0.124,-1.4,-0.044
-0.1239,-1.4,-0.048
-0.1238,-1.6,-0.044
-0.1237,-1.6,-0.052
-0.1236,-1.6,-0.048
-0.1235,-1.6,-0.06
-0.1234,-1.6,-0.044
-0.1233,-1.6,-0.052
-0.1232,-1.6,-0.044
-0.1231,-1.8,-0.052
-0.123,-2,-0.048
-0.1229,-2,-0.044
-0.1228,-2,-0.052
-0.1227,-2,-0.044
-0.1226,-2,-0.048
-0.1225,-2.2,-0.048
-0.1224,-2,-0.048
-0.1223,-2.2,-0.052
-0.1222,-2.2,-0.044
-0.1221,-2.2,-0.044
-0.122,-2.2,-0.052
-0.1219,-2.2,-0.048
-0.1218,-2.4,-0.056
-0.1217,-2.4,-0.052
-0.1216,-2.4,-0.06
-0.1215,-2.6,-0.056
-0.1214,-2.4,-0.048
-0.1213,-2.6,-0.048
-0.1212,-2.6,-0.048
-0.1211,-2.6,-0.052
-0.121,-2.6,-0.052
-0.1209,-2.8,-0.052
-0.1208,-2.8,-0.044
-0.1207,-2.8,-0.04
-0.1206,-2.8,-0.056
-0.1205,-2.8,-0.06
-0.1204,-2.8,-0.048
-0.1203,-3,-0.052
-0.1202,-3,-0.048
-0.1201,-3,-0.052
-0.12,-3.2,-0.052
-0.1199,-3.2,-0.052
-0.1198,-3.2,-0.056
-0.1197,-3.2,-0.052
-0.1196,-3.2,-0.052
-0.1195,-3.2,-0.044
-0.1194,-3.4,-0.048
-0.1193,-3.2,-0.048
-0.1192,-3.4,-0.044
-0.1191,-3.2,-0.052
-0.119,-3.4,-0.04
-0.1189,-3.4,-0.056
-0.1188,-3.4,-0.044
-0.1187,-3.6,-0.052
-0.1186,-3.6,-0.048
-0.1185,-3.6,-0.056
-0.1184,-3.6,-0.052
-0.1183,-3.8,-0.044
-0.1182,-3.6,-0.048
-0.1181,-3.8,-0.04
-0.118,-3.8,-0.044
-0.1179,-3.8,-0.052
-0.1178,-3.8,-0.048
-0.1177,-3.8,-0.04
-0.1176,-4,-0.048
-0.1175,-4,-0.052
-0.1174,-4,-0.052
-0.1173,-4.2,-0.052
-0.1172,-4.2,-0.056
-0.1171,-4.2,-0.052
-0.117,-4.2,-0.044
-0.1169,-4.4,-0.048
-0.1168,-4.4,-0.052
-0.1167,-4.4,-0.048
-0.1166,-4.4,-0.048
-0.1165,-4.6,-0.048
-0.1164,-4.4,-0.044
-0.1163,-4.6,-0.056
-0.1162,-4.6,-0.052
-0.1161,-4.6,-0.04
-0.116,-4.6,-0.048
-0.1159,-4.6,-0.04
-0.1158,-4.8,-0.044
-0.1157,-4.8,-0.04
-0.1156,-4.8,-0.052
-0.1155,-4.8,-0.056
-0.1154,-4.8,-0.044
-0.1153,-5,-0.044
-0.1152,-5,-0.052
-0.1151,-5,-0.048
-0.115,-5,-0.044
-0.1149,-5,-0.048
-0.1148,-5.2,-0.044
-0.1147,-5,-0.052
-0.1146,-5.2,-0.052
-0.1145,-5.2,-0.044
-0.1144,-5.2,-0.048
-0.1143,-5.2,-0.044
-0.1142,-5.4,-0.036
-0.1141,-5.4,-0.04
-0.114,-5.4,-0.04
-0.1139,-5.4,-0.044
-0.1138,-5.4,-0.044
-0.1137,-5.6,-0.044
-0.1136,-5.6,-0.044
-0.1135,-5.6,-0.044
-0.1134,-5.8,-0.04
-0.1133,-5.8,-0.044
-0.1132,-5.6,-0.048
-0.1131,-5.8,-0.036
-0.113,-5.8,-0.044
-0.1129,-5.8,-0.036
-0.1128,-6,-0.044
-0.1127,-6,-0.044
-0.1126,-6,-0.044
-0.1125,-6,-0.044
-0.1124,-6,-0.04
-0.1123,-6,-0.04
-0.1122,-6.2,-0.044
-0.1121,-6.2,-0.044
-0.112,-6.2,-0.04
-0.1119,-6.2,-0.04
-0.1118,-6.2,-0.04
-0.1117,-6.4,-0.044
-0.1116,-6.4,-0.044
-0.1115,-6.4,-0.032
-0.1114,-6.6,-0.048
-0.1113,-6.6,-0.048
-0.1112,-6.6,-0.04
-0.1111,-6.6,-0.036
-0.111,-6.8,-0.028
-0.1109,-6.6,-0.04
-0.1108,-6.8,-0.044
-0.1107,-6.8,-0.04
-0.1106,-6.8,-0.04
-0.1105,-7,-0.044
-0.1104,-7,-0.04
-0.1103,-7,-0.04
-0.1102,-7,-0.044
-0.1101,-7,-0.044
-0.11,-7.2,-0.04
-0.1099,-7.2,-0.04
-0.1098,-7,-0.04
-0.1097,-7.2,-0.04
-0.1096,-7.2,-0.036
-0.1095,-7.2,-0.036
-0.1094,-7.2,-0.036
-0.1093,-7.4,-0.048
-0.1092,-7.4,-0.044
-0.1091,-7.4,-0.036
-0.109,-7.4,-0.036
-0.1089,-7.4,-0.032
-0.1088,-7.6,-0.048
-0.1087,-7.4,-0.036
-0.1086,-7.4,-0.036
-0.1085,-7.6,-0.044
-0.1084,-7.6,-0.036
-0.1083,-7.6,-0.04
-0.1082,-7.8,-0.032
-0.1081,-7.8,-0.036
-0.108,-7.8,-0.036
-0.1079,-7.8,-0.04
-0.1078,-8,-0.04
-0.1077,-7.8,-0.036
-0.1076,-8,-0.036
-0.1075,-8,-0.032
-0.1074,-8,-0.04
-0.1073,-8.2,-0.036
-0.1072,-8.2,-0.036
-0.1071,-8.2,-0.036
-0.107,-8.2,-0.036
-0.1069,-8.2,-0.04
-0.1068,-8.2,-0.036
-0.1067,-8.2,-0.04
-0.1066,-8.4,-0.04
-0.1065,-8.4,-0.04
-0.1064,-8.4,-0.04
-0.1063,-8.4,-0.04
-0.1062,-8.6,-0.04
-0.1061,-8.4,-0.04
-0.106,-8.6,-0.036
-0.1059,-8.8,-0.036
-0.1058,-8.8,-0.04
-0.1057,-8.8,-0.028
-0.1056,-8.8,-0.036
-0.1055,-8.8,-0.036
-0.1054,-9,-0.032
-0.1053,-9,-0.04
-0.1052,-9,-0.036
-0.1051,-9,-0.036
-0.105,-9,-0.032
-0.1049,-9.2,-0.028
-0.1048,-9.2,-0.032
-0.1047,-9.2,-0.032
-0.1046,-9.2,-0.036
-0.1045,-9.2,-0.036
-0.1044,-9.4,-0.036
-0.1043,-9.4,-0.028
-0.1042,-9.4,-0.032
-0.1041,-9.4,-0.044
-0.104,-9.4,-0.036
-0.1039,-9.4,-0.032
-0.1038,-9.4,-0.036
-0.1037,-9.6,-0.04
-0.1036,-9.6,-0.032
-0.1035,-9.6,-0.032
-0.1034,-9.6,-0.036
-0.1033,-9.6,-0.044
-0.1032,-9.8,-0.036
-0.1031,-9.8,-0.04
-0.103,-9.8,-0.028
-0.1029,-9.8,-0.028
-0.1028,-9.8,-0.04
-0.1027,-9.8,-0.02
-0.1026,-10,-0.032
-0.1025,-10.2,-0.032
-0.1024,-10,-0.016
-0.1023,-10,0
-0.1022,-10,0.012
-0.1021,-10,0.016
-0.102,-10,0.02
-0.1019,-9.8,0.02
-0.1018,-9.8,0.032
-0.1017,-9.8,0.028
-0.1016,-9.6,0.024
-0.1015,-9.6,0.028
-0.1014,-9.6,0.024
-0.1013,-9.6,0.024
-0.1012,-9.4,0.024
-0.1011,-9.4,0.028
-0.101,-9.4,0.024
-0.1009,-9.4,0.032
-0.1008,-9.4,0.032
-0.1007,-9.4,0.028
-0.1006,-9.4,0.024
-0.1005,-9.4,0.032
-0.1004,-9.2,0.024
-0.1003,-9.2,0.032
-0.1002,-9.2,0.028
-0.1001,-9,0.032
-0.1,-9,0.028
-0.0999,-9.2,0.024
-0.0998,-9,0.024
-0.0997,-9,0.028
-0.0996,-9,0.028
-0.0995,-9,0.028
-0.0994,-8.8,0.032
-0.0993,-8.8,0.032
-0.0992,-8.8,0.036
-0.0991,-8.8,0.036
-0.099,-8.8,0.032
-0.0989,-8.6,0.036
-0.0988,-8.6,0.028
-0.0987,-8.6,0.024
-0.0986,-8.4,0.032
-0.0985,-8.4,0.032
-0.0984,-8.4,0.032
-0.0983,-8.4,0.028
-0.0982,-8.4,0.028
-0.0981,-8.4,0.028
-0.098,-8.4,0.032
-0.0979,-8.2,0.028
-0.0978,-8.2,0.024
-0.0977,-8.2,0.036
-0.0976,-8,0.036
-0.0975,-8,0.032
-0.0974,-8,0.04
-0.0973,-8,0.032
-0.0972,-8,0.028
-0.0971,-7.8,0.036
-0.097,-7.8,0.032
-0.0969,-7.8,0.032
-0.0968,-7.8,0.04
-0.0967,-7.8,0.036
-0.0966,-7.6,0.036
-0.0965,-7.6,0.036
-0.0964,-7.6,0.04
-0.0963,-7.6,0.032
-0.0962,-7.6,0.032
-0.0961,-7.4,0.028
-0.096,-7.4,0.032
-0.0959,-7.4,0.032
-0.0958,-7.4,0.032
-0.0957,-7.4,0.04
-0.0956,-7.4,0.032
-0.0955,-7.4,0.032
-0.0954,-7.4,0.032
-0.0953,-7.2,0.032
-0.0952,-7.2,0.032
-0.0951,-7.2,0.044
-0.095,-7.2,0.036
-0.0949,-7,0.036
-0.0948,-7,0.032
-0.0947,-7,0.032
-0.0946,-7,0.036
-0.0945,-7,0.032
-0.0944,-7,0.04
-0.0943,-7,0.036
-0.0942,-6.8,0.048
-0.0941,-6.8,0.048
-0.094,-6.6,0.036
-0.0939,-6.8,0.032
-0.0938,-6.6,0.04
-0.0937,-6.6,0.036
-0.0936,-6.6,0.04
-0.0935,-6.6,0.036
-0.0934,-6.4,0.036
-0.0933,-6.4,0.036
-0.0932,-6.2,0.04
-0.0931,-6.2,0.032
-0.093,-6.2,0.032
-0.0929,-6.2,0.04
-0.0928,-6.2,0.044
-0.0927,-6.2,0.036
-0.0926,-6,0.032
-0.0925,-6,0.04
-0.0924,-6,0.044
-0.0923,-6,0.036
-0.0922,-6,0.036
-0.0921,-5.8,0.044
-0.092,-5.8,0.036
-0.0919,-5.8,0.044
-0.0918,-5.8,0.044
-0.0917,-5.6,0.048
-0.0916,-5.8,0.032
-0.0915,-5.6,0.044
-0.0914,-5.6,0.036
-0.0913,-5.4,0.036
-0.0912,-5.6,0.032
-0.0911,-5.4,0.032
-0.091,-5.4,0.048
-0.0909,-5.4,0.036
-0.0908,-5.4,0.04
-0.0907,-5.4,0.04
-0.0906,-5.2,0.04
-0.0905,-5.2,0.04
-0.0904,-5.2,0.04
-0.0903,-5.2,0.048
-0.0902,-5.2,0.04
-0.0901,-5.2,0.052
-0.09,-5,0.044
-0.0899,-5.2,0.04
-0.0898,-5,0.04
-0.0897,-5,0.04
-0.0896,-5,0.044
-0.0895,-4.8,0.048
-0.0894,-4.8,0.04
-0.0893,-4.8,0.036
-0.0892,-4.8,0.036
-0.0891,-4.8,0.048
-0.089,-4.6,0.036
-0.0889,-4.6,0.048
-0.0888,-4.6,0.04
-0.0887,-4.6,0.052
-0.0886,-4.4,0.044
-0.0885,-4.4,0.04
-0.0884,-4.4,0.052
-0.0883,-4.4,0.04
-0.0882,-4.4,0.044
-0.0881,-4.4,0.052
-0.088,-4.2,0.036
-0.0879,-4.2,0.036
-0.0878,-4.2,0.04
-0.0877,-4.2,0.044
-0.0876,-4.2,0.04
-0.0875,-4,0.048
-0.0874,-4.2,0.048
-0.0873,-4,0.036
-0.0872,-4,0.04
-0.0871,-4,0.048
-0.087,-3.8,0.052
-0.0869,-3.8,0.048
-0.0868,-3.8,0.04
-0.0867,-3.8,0.052
-0.0866,-3.6,0.04
-0.0865,-3.6,0.04
-0.0864,-3.6,0.052
-0.0863,-3.6,0.048
-0.0862,-3.4,0.048
-0.0861,-3.4,0.044
-0.086,-3.4,0.052
-0.0859,-3.4,0.036
-0.0858,-3.4,0.044
-0.0857,-3.4,0.048
-0.0856,-3.4,0.048
-0.0855,-3.2,0.048
-0.0854,-3.2,0.06
-0.0853,-3.2,0.04
-0.0852,-3.2,0.052
-0.0851,-3,0.044
-0.085,-3,0.048
-0.0849,-3.2,0.052
-0.0848,-3,0.044
-0.0847,-3,0.06
-0.0846,-3,0.048
-0.0845,-3,0.056
-0.0844,-2.8,0.048
-0.0843,-2.8,0.048
-0.0842,-2.8,0.052
-0.0841,-2.8,0.06
-0.084,-2.8,0.044
-0.0839,-2.6,0.052
-0.0838,-2.6,0.052
-0.0837,-2.6,0.052
-0.0836,-2.6,0.052
-0.0835,-2.4,0.048
-0.0834,-2.4,0.048
-0.0833,-2.4,0.04
-0.0832,-2.4,0.052
-0.0831,-2.4,0.052
-0.083,-2.4,0.052
-0.0829,-2.4,0.052
-0.0828,-2.2,0.056
-0.0827,-2.2,0.052
-0.0826,-2.2,0.056
-0.0825,-2.2,0.048
-0.0824,-2,0.052
-0.0823,-2,0.056
-0.0822,-2,0.052
-0.0821,-2,0.06
-0.082,-1.8,0.052
-0.0819,-1.8,0.052
-0.0818,-1.8,0.052
-0.0817,-1.8,0.056
-0.0816,-1.6,0.048
-0.0815,-1.6,0.052
-0.0814,-1.6,0.052
-0.0813,-1.6,0.052
-0.0812,-1.6,0.048
-0.0811,-1.4,0.048
-0.081,-1.4,0.048
-0.0809,-1.4,0.044
-0.0808,-1.4,0.056
-0.0807,-1.4,0.052
-0.0806,-1.2,0.056
-0.0805,-1.2,0.052
-0.0804,-1.2,0.052
-0.0803,-1,0.056
-0.0802,-1,0.052
-0.0801,-1,0.052
-0.08,-1,0.052
-0.0799,-1,0.056
-0.0798,-1,0.052
-0.0797,-0.8,0.056
-0.0796,-0.8,0.052
-0.0795,-0.8,0.056
-0.0794,-0.6,0.052
-0.0793,-0.6,0.056
-0.0792,-0.8,0.06
-0.0791,-0.6,0.056
-0.079,-0.6,0.052
-0.0789,-0.6,0.052
-0.0788,-0.6,0.052
-0.0787,-0.4,0.052
-0.0786,-0.4,0.06
-0.0785,-0.4,0.052
-0.0784,-0.4,0.056
-0.0783,-0.4,0.052
-0.0782,-0.2,0.056
-0.0781,-0.2,0.048
-0.078,-0.2,0.06
-0.0779,-0.2,0.056
-0.0778,-0.2,0.04
-0.0777,0,0.056
-0.0776,0,0.056
-0.0775,0,0.06
-0.0774,0,0.048
-0.0773,0,0.056
-0.0772,0.2,0.056
-0.0771,0.2,0.056
-0.077,0.2,0.06
-0.0769,0.4,0.052
-0.0768,0.4,0.052
-0.0767,0.2,0.056
-0.0766,0.4,0.048
-0.0765,0.4,0.052
-0.0764,0.4,0.052
-0.0763,0.4,0.052
-0.0762,0.4,0.056
-0.0761,0.4,0.052
-0.076,0.6,0.056
-0.0759,0.6,0.048
-0.0758,0.8,0.044
-0.0757,0.8,0.048
-0.0756,0.8,0.048
-0.0755,0.8,0.06
-0.0754,0.8,0.044
-0.0753,0.8,0.048
-0.0752,1,0.06
-0.0751,1,0.056
-0.075,1,0.052
-0.0749,1,0.052
-0.0748,1,0.048
-0.0747,1.2,0.06
-0.0746,1.2,0.056
-0.0745,1.2,0.06
-0.0744,1.2,0.06
-0.0743,1.2,0.052
-0.0742,1.2,0.052
-0.0741,1.4,0.048
-0.074,1.4,0.052
-0.0739,1.4,0.056
-0.0738,1.4,0.052
-0.0737,1.4,0.056
-0.0736,1.6,0.056
-0.0735,1.6,0.052
-0.0734,1.6,0.052
-0.0733,1.6,0.052
-0.0732,1.6,0.048
-0.0731,1.8,0.044
-0.073,1.8,0.056
-0.0729,1.8,0.064
-0.0728,2,0.052
-0.0727,2,0.052
-0.0726,2,0.048
-0.0725,2,0.056
-0.0724,2,0.06
-0.0723,2,0.06
-0.0722,2.2,0.048
-0.0721,2,0.056
-0.072,2.2,0.056
-0.0719,2.4,0.056
-0.0718,2.2,0.06
-0.0717,2.4,0.052
-0.0716,2.4,0.052
-0.0715,2.4,0.052
-0.0714,2.4,0.06
-0.0713,2.6,0.056
-0.0712,2.6,0.056
-0.0711,2.6,0.048
-0.071,2.6,0.056
-0.0709,2.6,0.052
-0.0708,2.6,0.056
-0.0707,2.6,0.048
-0.0706,2.6,0.056
-0.0705,2.8,0.048
-0.0704,2.8,0.052
-0.0703,2.8,0.056
-0.0702,3,0.052
-0.0701,3,0.056
-0.07,3,0.06
-0.0699,3,0.052
-0.0698,3,0.056
-0.0697,3.2,0.056
-0.0696,3.2,0.052
-0.0695,3.2,0.052
-0.0694,3.2,0.052
-0.0693,3.2,0.048
-0.0692,3.2,0.06
-0.0691,3.4,0.06
-0.069,3.4,0.052
-0.0689,3.6,0.06
-0.0688,3.6,0.056
-0.0687,3.6,0.056
-0.0686,3.6,0.056
-0.0685,3.6,0.048
-0.0684,3.6,0.052
-0.0683,3.8,0.048
-0.0682,3.8,0.056
-0.0681,3.8,0.056
-0.068,3.8,0.052
-0.0679,3.8,0.052
-0.0678,3.8,0.056
-0.0677,4,0.056
-0.0676,4,0.052
-0.0675,4,0.056
-0.0674,4,0.052
-0.0673,4.2,0.048
-0.0672,4.2,0.06
-0.0671,4.2,0.052
-0.067,4.2,0.052
-0.0669,4.4,0.048
-0.0668,4.2,0.048
-0.0667,4.2,0.048
-0.0666,4.4,0.044
-0.0665,4.4,0.052
-0.0664,4.4,0.056
-0.0663,4.6,0.048
-0.0662,4.4,0.052
-0.0661,4.6,0.056
-0.066,4.6,0.048
-0.0659,4.6,0.052
-0.0658,4.6,0.052
-0.0657,4.6,0.052
-0.0656,4.6,0.052
-0.0655,4.8,0.056
-0.0654,4.8,0.048
-0.0653,4.8,0.052
-0.0652,4.8,0.048
-0.0651,5,0.048
-0.065,5,0.048
-0.0649,5,0.048
-0.0648,5,0.048
-0.0647,5,0.052
-0.0646,5,0.048
-0.0645,5.2,0.056
-0.0644,5.2,0.048
-0.0643,5.2,0.052
-0.0642,5.2,0.04
-0.0641,5.4,0.056
-0.064,5.4,0.044
-0.0639,5.4,0.044
-0.0638,5.6,0.052
-0.0637,5.6,0.048
-0.0636,5.6,0.048
-0.0635,5.6,0.052
-0.0634,5.6,0.048
-0.0633,5.6,0.052
-0.0632,5.6,0.044
-0.0631,5.8,0.044
-0.063,5.8,0.052
-0.0629,5.8,0.04
-0.0628,6,0.048
-0.0627,6,0.052
-0.0626,6,0.044
-0.0625,6,0.048
-0.0624,6,0.048
-0.0623,6,0.044
-0.0622,6.2,0.036
-0.0621,6.2,0.044
-0.062,6.2,0.048
-0.0619,6.2,0.048
-0.0618,6.2,0.04
-0.0617,6.4,0.048
-0.0616,6.4,0.044
-0.0615,6.4,0.044
-0.0614,6.4,0.056
-0.0613,6.4,0.048
-0.0612,6.6,0.044
-0.0611,6.6,0.048
-0.061,6.6,0.04
-0.0609,6.6,0.052
-0.0608,6.6,0.044
-0.0607,6.6,0.04
-0.0606,6.8,0.048
-0.0605,6.8,0.044
-0.0604,6.8,0.048
-0.0603,6.8,0.048
-0.0602,6.8,0.052
-0.0601,6.8,0.048
-0.06,7,0.04
-0.0599,7,0.04
-0.0598,7,0.044
-0.0597,7,0.04
-0.0596,7.2,0.048
-0.0595,7.2,0.044
-0.0594,7.2,0.04
-0.0593,7.2,0.06
-0.0592,7.4,0.044
-0.0591,7.4,0.044
-0.059,7.4,0.048
-0.0589,7.4,0.044
-0.0588,7.6,0.036
-0.0587,7.6,0.04
-0.0586,7.6,0.04
-0.0585,7.6,0.04
-0.0584,7.6,0.04
-0.0583,7.8,0.04
-0.0582,7.8,0.04
-0.0581,7.8,0.04
-0.058,7.8,0.036
-0.0579,7.8,0.032
-0.0578,7.8,0.04
-0.0577,8,0.04
-0.0576,8,0.036
-0.0575,8,0.04
-0.0574,8,0.048
-0.0573,8.2,0.036
-0.0572,8.2,0.04
-0.0571,8.2,0.044
-0.057,8.2,0.036
-0.0569,8.2,0.044
-0.0568,8.4,0.036
-0.0567,8.2,0.032
-0.0566,8.4,0.04
-0.0565,8.4,0.04
-0.0564,8.4,0.04
-0.0563,8.4,0.044
-0.0562,8.6,0.04
-0.0561,8.6,0.04
-0.056,8.6,0.036
-0.0559,8.6,0.04
-0.0558,8.8,0.04
-0.0557,8.8,0.036
-0.0556,8.8,0.044
-0.0555,8.8,0.036
-0.0554,8.8,0.032
-0.0553,8.8,0.036
-0.0552,9,0.036
-0.0551,9,0.036
-0.055,9,0.032
-0.0549,8.8,0.04
-0.0548,9,0.032
-0.0547,9,0.04
-0.0546,9.2,0.036
-0.0545,9.2,0.028
-0.0544,9.2,0.036
-0.0543,9.2,0.036
-0.0542,9.2,0.036
-0.0541,9.2,0.04
-0.054,9.4,0.036
-0.0539,9.4,0.036
-0.0538,9.4,0.032
-0.0537,9.4,0.036
-0.0536,9.4,0.04
-0.0535,9.6,0.036
-0.0534,9.6,0.032
-0.0533,9.6,0.04
-0.0532,9.6,0.04
-0.0531,9.8,0.036
-0.053,9.8,0.036
-0.0529,9.8,0.028
-0.0528,9.8,0.036
-0.0527,10,0.04
-0.0526,10,0.048
-0.0525,10,0.036
-0.0524,10,0.028
-0.0523,10,0.004
-0.0522,10,-0.008
-0.0521,10,-0.012
-0.052,9.8,-0.016
-0.0519,9.8,-0.02
-0.0518,9.8,-0.028
-0.0517,9.8,-0.02
-0.0516,9.6,-0.02
-0.0515,9.6,-0.02
-0.0514,9.6,-0.024
-0.0513,9.4,-0.02
-0.0512,9.4,-0.02
-0.0511,9.6,-0.016
-0.051,9.4,-0.024
-0.0509,9.4,-0.032
-0.0508,9.4,-0.024
-0.0507,9.2,-0.036
-0.0506,9.2,-0.028
-0.0505,9.2,-0.016
-0.0504,9.2,-0.02
-0.0503,9,-0.016
-0.0502,9,-0.032
-0.0501,9,-0.028
-0.05,9,-0.02
-0.0499,8.8,-0.028
-0.0498,9,-0.028
-0.0497,8.8,-0.032
-0.0496,8.8,-0.028
-0.0495,8.8,-0.02
-0.0494,8.8,-0.036
-0.0493,8.8,-0.032
-0.0492,8.8,-0.028
-0.0491,8.8,-0.02
-0.049,8.6,-0.032
-0.0489,8.6,-0.028
-0.0488,8.6,-0.028
-0.0487,8.6,-0.028
-0.0486,8.4,-0.032
-0.0485,8.4,-0.02
-0.0484,8.4,-0.028
-0.0483,8.4,-0.032
-0.0482,8.2,-0.028
-0.0481,8.2,-0.028
-0.048,8.2,-0.02
-0.0479,8.2,-0.032
-0.0478,8.2,-0.032
-0.0477,8.2,-0.028
-0.0476,8.2,-0.024
-0.0475,8,-0.032
-0.0474,8,-0.032
-0.0473,8,-0.032
-0.0472,8,-0.028
-0.0471,8,-0.036
-0.047,7.8,-0.024
-0.0469,7.8,-0.028
-0.0468,7.8,-0.028
-0.0467,7.8,-0.024
-0.0466,7.8,-0.02
-0.0465,7.6,-0.032
-0.0464,7.6,-0.028
-0.0463,7.6,-0.036
-0.0462,7.6,-0.028
-0.0461,7.6,-0.032
-0.046,7.4,-0.04
-0.0459,7.4,-0.028
-0.0458,7.2,-0.04
-0.0457,7.2,-0.036
-0.0456,7.2,-0.036
-0.0455,7.2,-0.036
-0.0454,7.2,-0.028
-0.0453,7,-0.04
-0.0452,7,-0.044
-0.0451,7,-0.028
-0.045,7,-0.032
-0.0449,6.8,-0.032
-0.0448,7,-0.044
-0.0447,6.8,-0.032
-0.0446,6.8,-0.04
-0.0445,6.8,-0.036
-0.0444,6.8,-0.032
-0.0443,6.8,-0.04
-0.0442,6.6,-0.032
-0.0441,6.6,-0.036
-0.044,6.6,-0.036
-0.0439,6.6,-0.032
-0.0438,6.6,-0.028
-0.0437,6.6,-0.028
-0.0436,6.4,-0.032
-0.0435,6.4,-0.032
-0.0434,6.4,-0.04
-0.0433,6.4,-0.032
-0.0432,6.2,-0.04
-0.0431,6.2,-0.04
-0.043,6.2,-0.032
-0.0429,6.2,-0.036
-0.0428,6.2,-0.036
-0.0427,6,-0.032
-0.0426,6,-0.028
-0.0425,6,-0.032
-0.0424,6,-0.036
-0.0423,6,-0.04
-0.0422,5.8,-0.032
-0.0421,5.8,-0.032
-0.042,5.8,-0.036
-0.0419,5.8,-0.04
-0.0418,5.8,-0.04
-0.0417,5.8,-0.044
-0.0416,5.6,-0.036
-0.0415,5.6,-0.04
-0.0414,5.6,-0.04
-0.0413,5.6,-0.032
-0.0412,5.6,-0.036
-0.0411,5.4,-0.048
-0.041,5.6,-0.036
-0.0409,5.4,-0.036
-0.0408,5.4,-0.028
-0.0407,5.2,-0.036
-0.0406,5.2,-0.036
-0.0405,5.2,-0.032
-0.0404,5.2,-0.04
-0.0403,5,-0.04
-0.0402,5,-0.036
-0.0401,5,-0.044
-0.04,5,-0.032
-0.0399,5,-0.04
-0.0398,5,-0.044
-0.0397,4.8,-0.04
-0.0396,4.8,-0.036
-0.0395,4.8,-0.04
-0.0394,4.8,-0.04
-0.0393,4.8,-0.036
-0.0392,4.6,-0.036
-0.0391,4.6,-0.036
-0.039,4.6,-0.04
-0.0389,4.6,-0.036
-0.0388,4.6,-0.048
-0.0387,4.6,-0.044
-0.0386,4.4,-0.044
-0.0385,4.4,-0.044
-0.0384,4.4,-0.04
-0.0383,4.4,-0.036
-0.0382,4.4,-0.044
-0.0381,4.2,-0.052
-0.038,4.2,-0.044
-0.0379,4.2,-0.04
-0.0378,4.2,-0.048
-0.0377,4.2,-0.044
-0.0376,4.2,-0.044
-0.0375,4,-0.044
-0.0374,4,-0.048
-0.0373,4,-0.044
-0.0372,3.8,-0.04
-0.0371,4,-0.036
-0.037,3.8,-0.044
-0.0369,3.8,-0.052
-0.0368,3.8,-0.044
-0.0367,3.8,-0.04
-0.0366,3.6,-0.052
-0.0365,3.6,-0.048
-0.0364,3.6,-0.036
-0.0363,3.6,-0.048
-0.0362,3.6,-0.04
-0.0361,3.4,-0.048
-0.036,3.4,-0.04
-0.0359,3.4,-0.04
-0.0358,3.4,-0.048
-0.0357,3.4,-0.048
-0.0356,3.2,-0.048
-0.0355,3.4,-0.044
-0.0354,3.2,-0.044
-0.0353,3.2,-0.044
-0.0352,3.2,-0.04
-0.0351,3,-0.044
-0.035,3,-0.044
-0.0349,3,-0.044
-0.0348,3,-0.048
-0.0347,3,-0.044
-0.0346,2.8,-0.04
-0.0345,2.8,-0.036
-0.0344,2.8,-0.044
-0.0343,2.6,-0.048
-0.0342,2.6,-0.04
-0.0341,2.6,-0.044
-0.034,2.6,-0.048
-0.0339,2.6,-0.044
-0.0338,2.4,-0.052
-0.0337,2.6,-0.052
-0.0336,2.4,-0.048
-0.0335,2.4,-0.048
-0.0334,2.4,-0.056
-0.0333,2.4,-0.036
-0.0332,2.2,-0.044
-0.0331,2.2,-0.044
-0.033,2.2,-0.052
-0.0329,2.2,-0.048
-0.0328,2.2,-0.04
-0.0327,2,-0.052
-0.0326,2.2,-0.04
-0.0325,2,-0.048
-0.0324,2,-0.052
-0.0323,2,-0.048
-0.0322,1.8,-0.048
-0.0321,2,-0.048
-0.032,1.8,-0.04
-0.0319,1.8,-0.048
-0.0318,1.8,-0.052
-0.0317,1.6,-0.048
-0.0316,1.6,-0.048
-0.0315,1.6,-0.048
-0.0314,1.6,-0.056
-0.0313,1.6,-0.052
-0.0312,1.6,-0.052
-0.0311,1.4,-0.048
-0.031,1.4,-0.048
-0.0309,1.4,-0.044
-0.0308,1.4,-0.04
-0.0307,1.2,-0.052
-0.0306,1.2,-0.052
-0.0305,1.2,-0.052
-0.0304,1.2,-0.06
-0.0303,1.2,-0.044
-0.0302,1,-0.044
-0.0301,1,-0.052
-0.03,1,-0.052
-0.0299,1,-0.044
-0.0298,1,-0.052
-0.0297,0.8,-0.048
-0.0296,0.8,-0.048
-0.0295,0.8,-0.052
-0.0294,0.8,-0.04
-0.0293,0.8,-0.052
-0.0292,0.6,-0.052
-0.0291,0.6,-0.048
-0.029,0.6,-0.052
-0.0289,0.6,-0.048
-0.0288,0.4,-0.052
-0.0287,0.4,-0.052
-0.0286,0.4,-0.056
-0.0285,0.4,-0.056
-0.0284,0.4,-0.052
-0.0283,0.4,-0.048
-0.0282,0.4,-0.048
-0.0281,0.2,-0.06
-0.028,0.2,-0.048
-0.0279,0.2,-0.044
-0.0278,0.2,-0.052
-0.0277,0,-0.052
-0.0276,0.2,-0.052
-0.0275,0,-0.052
-0.0274,0,-0.048
-0.0273,0,-0.048
-0.0272,-0.2,-0.044
-0.0271,-0.2,-0.048
-0.027,-0.2,-0.052
-0.0269,-0.2,-0.06
-0.0268,-0.2,-0.048
-0.0267,-0.2,-0.04
-0.0266,-0.2,-0.04
-0.0265,-0.4,-0.048
-0.0264,-0.4,-0.056
-0.0263,-0.4,-0.052
-0.0262,-0.4,-0.044
-0.0261,-0.6,-0.048
-0.026,-0.6,-0.052
-0.0259,-0.6,-0.056
-0.0258,-0.6,-0.044
-0.0257,-0.6,-0.056
-0.0256,-0.6,-0.048
-0.0255,-0.8,-0.052
-0.0254,-0.8,-0.052
-0.0253,-1,-0.052
-0.0252,-0.8,-0.056
-0.0251,-1,-0.056
-0.025,-1,-0.048
-0.0249,-1,-0.048
-0.0248,-1,-0.056
-0.0247,-1,-0.052
-0.0246,-1.2,-0.052
-0.0245,-1.2,-0.048
-0.0244,-1.2,-0.044
-0.0243,-1.2,-0.056
-0.0242,-1.4,-0.048
-0.0241,-1.4,-0.044
-0.024,-1.4,-0.056
-0.0239,-1.4,-0.052
-0.0238,-1.6,-0.052
-0.0237,-1.4,-0.052
-0.0236,-1.6,-0.052
-0.0235,-1.6,-0.048
-0.0234,-1.8,-0.052
-0.0233,-1.8,-0.048
-0.0232,-1.8,-0.044
-0.0231,-1.8,-0.048
-0.023,-1.8,-0.048
-0.0229,-2,-0.052
-0.0228,-2,-0.048
-0.0227,-2,-0.052
-0.0226,-2,-0.048
-0.0225,-2,-0.048
-0.0224,-2.2,-0.04
-0.0223,-2,-0.052
-0.0222,-2.2,-0.036
-0.0221,-2.2,-0.052
-0.022,-2.2,-0.048
-0.0219,-2.4,-0.044
-0.0218,-2.4,-0.048
-0.0217,-2.4,-0.044
-0.0216,-2.4,-0.052
-0.0215,-2.4,-0.048
-0.0214,-2.4,-0.048
-0.0213,-2.6,-0.048
-0.0212,-2.6,-0.048
-0.0211,-2.6,-0.048
-0.021,-2.6,-0.044
-0.0209,-2.8,-0.048
-0.0208,-2.8,-0.052
-0.0207,-2.8,-0.044
-0.0206,-3,-0.056
-0.0205,-2.8,-0.048
-0.0204,-2.8,-0.048
-0.0203,-3,-0.052
-0.0202,-3,-0.056
-0.0201,-3,-0.052
-0.02,-3,-0.052
-0.0199,-3,-0.048
-0.0198,-3.2,-0.052
-0.0197,-3.2,-0.052
-0.0196,-3.2,-0.044
-0.0195,-3.2,-0.052
-0.0194,-3.2,-0.044
-0.0193,-3.4,-0.048
-0.0192,-3.4,-0.048
-0.0191,-3.4,-0.056
-0.019,-3.4,-0.048
-0.0189,-3.4,-0.052
-0.0188,-3.6,-0.052
-0.0187,-3.4,-0.048
-0.0186,-3.6,-0.04
-0.0185,-3.6,-0.044
-0.0184,-3.6,-0.048
-0.0183,-3.6,-0.044
-0.0182,-3.8,-0.052
-0.0181,-3.8,-0.048
-0.018,-3.8,-0.044
-0.0179,-3.8,-0.048
-0.0178,-3.8,-0.044
-0.0177,-4,-0.044
-0.0176,-4,-0.04
-0.0175,-4,-0.044
-0.0174,-4,-0.048
-0.0173,-4,-0.048
-0.0172,-4.2,-0.048
-0.0171,-4.2,-0.056
-0.017,-4.4,-0.052
-0.0169,-4.4,-0.048
-0.0168,-4.4,-0.044
-0.0167,-4.4,-0.044
-0.0166,-4.4,-0.048
-0.0165,-4.4,-0.052
-0.0164,-4.6,-0.04
-0.0163,-4.6,-0.044
-0.0162,-4.6,-0.04
-0.0161,-4.6,-0.052
-0.016,-4.6,-0.048
-0.0159,-4.8,-0.044
-0.0158,-4.8,-0.044
-0.0157,-4.6,-0.044
-0.0156,-4.8,-0.052
-0.0155,-4.8,-0.04
-0.0154,-4.8,-0.044
-0.0153,-5,-0.04
-0.0152,-5,-0.044
-0.0151,-5,-0.048
-0.015,-5,-0.044
-0.0149,-5,-0.036
-0.0148,-5.2,-0.044
-0.0147,-5.2,-0.048
-0.0146,-5.2,-0.04
-0.0145,-5.2,-0.044
-0.0144,-5.2,-0.044
-0.0143,-5.2,-0.044
-0.0142,-5.4,-0.044
-0.0141,-5.4,-0.048
-0.014,-5.4,-0.044
-0.0139,-5.4,-0.048
-0.0138,-5.6,-0.048
-0.0137,-5.6,-0.036
-0.0136,-5.6,-0.044
-0.0135,-5.6,-0.044
-0.0134,-5.6,-0.044
-0.0133,-5.6,-0.044
-0.0132,-5.8,-0.044
-0.0131,-5.8,-0.044
-0.013,-5.8,-0.04
-0.0129,-5.8,-0.04
-0.0128,-6,-0.04
-0.0127,-6,-0.044
-0.0126,-6,-0.04
-0.0125,-6,-0.048
-0.0124,-6,-0.048
-0.0123,-6.2,-0.044
-0.0122,-6,-0.048
-0.0121,-6.2,-0.036
-0.012,-6.2,-0.04
-0.0119,-6.4,-0.04
-0.0118,-6.2,-0.044
-0.0117,-6.2,-0.048
-0.0116,-6.4,-0.044
-0.0115,-6.4,-0.032
-0.0114,-6.6,-0.04
-0.0113,-6.6,-0.032
-0.0112,-6.6,-0.048
-0.0111,-6.6,-0.036
-0.011,-6.6,-0.04
-0.0109,-6.8,-0.048
-0.0108,-6.8,-0.044
-0.0107,-6.8,-0.036
-0.0106,-6.8,-0.044
-0.0105,-6.8,-0.044
-0.0104,-7,-0.04
-0.0103,-7,-0.04
-0.0102,-7,-0.032
-0.0101,-7,-0.04
-0.01,-7,-0.036
-0.0099,-7.2,-0.036
-0.0098,-7,-0.036
-0.0097,-7.2,-0.04
-0.0096,-7.2,-0.04
-0.0095,-7.2,-0.036
-0.0094,-7.4,-0.04
-0.0093,-7.4,-0.04
-0.0092,-7.4,-0.044
-0.0091,-7.4,-0.032
-0.009,-7.4,-0.044
-0.0089,-7.4,-0.028
-0.0088,-7.4,-0.04
-0.0087,-7.6,-0.036
-0.0086,-7.6,-0.044
-0.0085,-7.6,-0.04
-0.0084,-7.6,-0.044
-0.0083,-7.6,-0.036
-0.0082,-7.8,-0.036
-0.0081,-7.8,-0.036
-0.008,-7.8,-0.04
-0.0079,-7.8,-0.036
-0.0078,-7.8,-0.032
-0.0077,-8,-0.036
-0.0076,-8,-0.036
-0.0075,-8,-0.036
-0.0074,-8,-0.036
-0.0073,-8,-0.04
-0.0072,-8.2,-0.04
-0.0071,-8.2,-0.044
-0.007,-8.2,-0.032
-0.0069,-8.2,-0.036
-0.0068,-8.4,-0.028
-0.0067,-8.2,-0.032
-0.0066,-8.4,-0.036
-0.0065,-8.4,-0.032
-0.0064,-8.4,-0.04
-0.0063,-8.4,-0.028
-0.0062,-8.4,-0.036
-0.0061,-8.6,-0.04
-0.006,-8.6,-0.036
-0.0059,-8.8,-0.044
-0.0058,-8.6,-0.036
-0.0057,-8.8,-0.032
-0.0056,-8.8,-0.044
-0.0055,-8.8,-0.04
-0.0054,-9,-0.036
-0.0053,-9,-0.028
-0.0052,-9,-0.04
-0.0051,-9,-0.036
-0.005,-9,-0.032
-0.0049,-9,-0.032
-0.0048,-9.2,-0.036
-0.0047,-9.2,-0.04
-0.0046,-9.2,-0.024
-0.0045,-9.2,-0.028
-0.0044,-9.4,-0.028
-0.0043,-9.4,-0.036
-0.0042,-9.4,-0.032
-0.0041,-9.4,-0.028
-0.004,-9.4,-0.032
-0.0039,-9.4,-0.036
-0.0038,-9.6,-0.028
-0.0037,-9.6,-0.028
-0.0036,-9.6,-0.036
-0.0035,-9.6,-0.032
-0.0034,-9.6,-0.028
-0.0033,-9.6,-0.04
-0.0032,-9.8,-0.036
-0.0031,-9.8,-0.032
-0.003,-9.8,-0.036
-0.0029,-9.8,-0.036
-0.0028,-9.8,-0.036
-0.0027,-10,-0.028
-0.0026,-10,-0.032
-0.0025,-10,-0.04
-0.0024,-10,-0.02
-0.0023,-10,0.004
-0.0022,-10,0.004
-0.0021,-9.8,0.016
-0.002,-9.8,0.016
-0.0019,-9.8,0.024
-0.0018,-9.8,0.024
-0.0017,-9.8,0.032
-0.0016,-9.6,0.028
-0.0015,-9.6,0.032
-0.0014,-9.6,0.024
-0.0013,-9.6,0.032
-0.0012,-9.6,0.024
-0.0011,-9.6,0.028
-0.001,-9.4,0.024
-0.0009,-9.4,0.028
-0.0008,-9.4,0.032
-0.0007,-9.4,0.032
-0.0006,-9.4,0.028
-0.0005,-9.2,0.032
-0.0004,-9.2,0.036
-0.0003,-9.2,0.02
-0.0002,-9.2,0.024
-0.0001,-9.2,0.036
0,-9.2,0.028
0.0001,-9.2,0.024
0.0002,-9,0.032
0.0003,-9,0.036
0.0004,-8.8,0.024
0.0005,-9,0.032
0.0006,-8.8,0.032
0.0007,-8.8,0.036
0.0008,-8.8,0.036
0.0009,-8.8,0.024
0.001,-8.6,0.028
0.0011,-8.6,0.024
0.0012,-8.6,0.028
0.0013,-8.4,0.032
0.0014,-8.6,0.028
0.0015,-8.4,0.028
0.0016,-8.4,0.028
0.0017,-8.4,0.032
0.0018,-8.4,0.032
0.0019,-8.4,0.028
0.002,-8.2,0.036
0.0021,-8.2,0.024
0.0022,-8.2,0.032
0.0023,-8.2,0.032
0.0024,-8,0.032
0.0025,-8,0.032
0.0026,-8,0.028
0.0027,-8,0.032
0.0028,-8,0.032
0.0029,-7.8,0.044
0.003,-7.8,0.028
0.0031,-7.8,0.036
0.0032,-7.8,0.04
0.0033,-7.8,0.036
0.0034,-7.6,0.036
0.0035,-7.6,0.036
0.0036,-7.6,0.036
0.0037,-7.6,0.028
0.0038,-7.6,0.04
0.0039,-7.4,0.036
0.004,-7.4,0.032
0.0041,-7.4,0.036
0.0042,-7.4,0.04
0.0043,-7.2,0.036
0.0044,-7.4,0.036
0.0045,-7.4,0.024
0.0046,-7.2,0.04
0.0047,-7.2,0.036
0.0048,-7.2,0.036
0.0049,-7.2,0.036
0.005,-7.2,0.036
0.0051,-7,0.032
0.0052,-7,0.032
0.0053,-7,0.032
0.0054,-7,0.032
0.0055,-6.8,0.036
0.0056,-7,0.032
0.0057,-6.8,0.032
0.0058,-6.8,0.032
0.0059,-6.8,0.036
0.006,-6.8,0.032
0.0061,-6.6,0.036
0.0062,-6.6,0.036
0.0063,-6.6,0.044
0.0064,-6.4,0.032
0.0065,-6.6,0.04
0.0066,-6.4,0.032
0.0067,-6.4,0.04
0.0068,-6.4,0.036
0.0069,-6.2,0.048
0.007,-6.2,0.044
0.0071,-6.2,0.036
0.0072,-6.2,0.032
0.0073,-6.2,0.044
0.0074,-6,0.04
0.0075,-6,0.036
0.0076,-6,0.044
0.0077,-6,0.032
0.0078,-6,0.032
0.0079,-6,0.036
0.008,-5.8,0.032
0.0081,-5.8,0.04
0.0082,-5.8,0.044
0.0083,-5.8,0.036
0.0084,-5.6,0.044
0.0085,-5.6,0.04
0.0086,-5.6,0.048
0.0087,-5.6,0.04
0.0088,-5.6,0.036
0.0089,-5.4,0.032
0.009,-5.4,0.044
0.0091,-5.4,0.048
0.0092,-5.4,0.04
0.0093,-5.4,0.036
0.0094,-5.2,0.036
0.0095,-5.2,0.04
0.0096,-5.2,0.04
0.0097,-5.2,0.048
0.0098,-5.2,0.04
0.0099,-5.2,0.04
0.01,-5,0.04
0.0101,-5,0.044
0.0102,-5,0.044
0.0103,-5,0.048
0.0104,-5,0.052
0.0105,-5,0.036
0.0106,-4.8,0.036
0.0107,-4.8,0.036
0.0108,-4.8,0.044
0.0109,-4.8,0.048
0.011,-4.6,0.052
0.0111,-4.6,0.04
0.0112,-4.6,0.048
0.0113,-4.6,0.056
0.0114,-4.6,0.04
0.0115,-4.4,0.048
0.0116,-4.4,0.04
0.0117,-4.4,0.044
0.0118,-4.4,0.048
0.0119,-4.4,0.052
0.012,-4.4,0.04
0.0121,-4.2,0.044
0.0122,-4.2,0.04
0.0123,-4.2,0.044
0.0124,-4,0.048
0.0125,-4,0.048
0.0126,-4,0.048
0.0127,-4,0.048
0.0128,-3.8,0.044
0.0129,-3.8,0.06
0.013,-3.8,0.052
0.0131,-3.8,0.04
0.0132,-3.6,0.06
0.0133,-3.8,0.04
0.0134,-3.6,0.048
0.0135,-3.6,0.044
0.0136,-3.6,0.048
0.0137,-3.6,0.052
0.0138,-3.6,0.048
0.0139,-3.6,0.048
0.014,-3.4,0.044
0.0141,-3.4,0.052
0.0142,-3.4,0.048
0.0143,-3.4,0.036
0.0144,-3.4,0.052
0.0145,-3.2,0.056
0.0146,-3.2,0.044
0.0147,-3.2,0.048
0.0148,-3.2,0.044
0.0149,-3.2,0.056
0.015,-3,0.048
0.0151,-3,0.048
0.0152,-3,0.052
0.0153,-3,0.048
0.0154,-3,0.056
0.0155,-3,0.048
0.0156,-2.8,0.056
0.0157,-2.8,0.052
0.0158,-2.8,0.052
0.0159,-2.6,0.048
0.016,-2.6,0.052
0.0161,-2.6,0.044
0.0162,-2.6,0.048
0.0163,-2.6,0.04
0.0164,-2.6,0.048
0.0165,-2.4,0.048
0.0166,-2.4,0.056
0.0167,-2.4,0.048
0.0168,-2.4,0.044
0.0169,-2.2,0.052
0.017,-2.4,0.048
0.0171,-2.2,0.048
0.0172,-2.4,0.052
0.0173,-2.2,0.052
0.0174,-2,0.056
0.0175,-2.2,0.052
0.0176,-2,0.06
0.0177,-2,0.056
0.0178,-2,0.06
0.0179,-2,0.052
0.018,-1.8,0.052
0.0181,-1.8,0.06
0.0182,-1.8,0.052
0.0183,-1.8,0.056
0.0184,-1.6,0.044
0.0185,-1.6,0.052
0.0186,-1.6,0.06
0.0187,-1.4,0.052
0.0188,-1.6,0.048
0.0189,-1.4,0.056
0.019,-1.4,0.048
0.0191,-1.4,0.052
0.0192,-1.4,0.06
0.0193,-1.4,0.056
0.0194,-1.2,0.048
0.0195,-1.2,0.056
0.0196,-1.2,0.052
0.0197,-1.2,0.06
0.0198,-1.2,0.048
0.0199,-1,0.06
0.02,-1,0.06
0.0201,-1,0.06
0.0202,-0.8,0.056
0.0203,-1,0.056
0.0204,-0.8,0.052
0.0205,-0.8,0.052
0.0206,-0.8,0.052
0.0207,-0.8,0.06
0.0208,-0.6,0.06
0.0209,-0.6,0.052
0.021,-0.6,0.048
0.0211,-0.6,0.052
0.0212,-0.6,0.052
0.0213,-0.6,0.06
0.0214,-0.4,0.06
0.0215,-0.4,0.048
0.0216,-0.4,0.048
0.0217,-0.2,0.048
0.0218,-0.4,0.056
0.0219,-0.2,0.056
0.022,-0.2,0.06
0.0221,-0.2,0.052
0.0222,-0.2,0.056
0.0223,0,0.052
0.0224,0,0.048
0.0225,0,0.048
0.0226,0.2,0.052
0.0227,0,0.052
0.0228,0.2,0.06
0.0229,0.2,0.052
0.023,0.2,0.052
0.0231,0.2,0.048
0.0232,0.2,0.056
0.0233,0.4,0.056
0.0234,0.4,0.052
0.0235,0.4,0.048
0.0236,0.4,0.052
0.0237,0.4,0.052
0.0238,0.6,0.056
0.0239,0.6,0.052
0.024,0.6,0.052
0.0241,0.6,0.056
0.0242,0.8,0.06
0.0243,0.8,0.056
0.0244,0.8,0.048
0.0245,0.6,0.052
0.0246,0.8,0.052
0.0247,1,0.056
0.0248,1,0.06
0.0249,1,0.052
0.025,1,0.052
0.0251,1,0.056
0.0252,1,0.048
0.0253,1.2,0.052
0.0254,1.2,0.056
0.0255,1.2,0.056
0.0256,1.2,0.06
0.0257,1.4,0.06
0.0258,1.4,0.06
0.0259,1.4,0.048
0.026,1.4,0.06
0.0261,1.4,0.052
0.0262,1.4,0.06
0.0263,1.6,0.06
0.0264,1.4,0.044
0.0265,1.6,0.052
0.0266,1.6,0.06
0.0267,1.6,0.056
0.0268,1.8,0.048
0.0269,1.8,0.06
0.027,1.8,0.06
0.0271,1.8,0.056
0.0272,1.8,0.056
0.0273,1.8,0.056
0.0274,2,0.052
0.0275,2,0.056
0.0276,2,0.056
0.0277,2,0.056
0.0278,2.2,0.048
0.0279,2,0.052
0.028,2.2,0.052
0.0281,2.2,0.064
0.0282,2.2,0.064
0.0283,2.4,0.052
0.0284,2.4,0.052
0.0285,2.4,0.056
0.0286,2.4,0.052
0.0287,2.6,0.052
0.0288,2.6,0.044
0.0289,2.6,0.048
0.029,2.6,0.056
0.0291,2.6,0.048
0.0292,2.6,0.052
0.0293,2.6,0.052
0.0294,2.8,0.052
0.0295,2.8,0.06
0.0296,2.8,0.056
0.0297,2.8,0.048
0.0298,3,0.056
0.0299,3,0.06
0.03,3,0.048
0.0301,3,0.052
0.0302,3,0.052
0.0303,3.2,0.052
0.0304,3.2,0.056
0.0305,3.2,0.056
0.0306,3.2,0.056
0.0307,3.4,0.052
0.0308,3.4,0.052
0.0309,3.4,0.056
0.031,3.4,0.06
0.0311,3.4,0.048
0.0312,3.4,0.056
0.0313,3.6,0.044
0.0314,3.6,0.052
0.0315,3.6,0.056
0.0316,3.6,0.06
0.0317,3.6,0.056
0.0318,3.8,0.06
0.0319,3.8,0.056
0.032,3.8,0.056
0.0321,3.8,0.052
0.0322,3.8,0.044
0.0323,4,0.052
0.0324,4,0.052
0.0325,4,0.056
0.0326,4,0.048
0.0327,4,0.056
0.0328,4.2,0.048
0.0329,4.2,0.052
0.033,4.2,0.052
0.0331,4.4,0.056
0.0332,4.2,0.052
0.0333,4.4,0.064
0.0334,4.4,0.048
0.0335,4.4,0.048
0.0336,4.4,0.06
0.0337,4.4,0.048
0.0338,4.6,0.048
0.0339,4.6,0.052
0.034,4.6,0.056
0.0341,4.6,0.048
0.0342,4.6,0.04
0.0343,4.6,0.052
0.0344,4.6,0.056
0.0345,4.6,0.044
0.0346,4.8,0.052
0.0347,4.8,0.044
0.0348,4.8,0.056
0.0349,4.8,0.048
0.035,4.8,0.044
0.0351,5,0.044
0.0352,5,0.044
0.0353,5,0.048
0.0354,5.2,0.052
0.0355,5.2,0.052
0.0356,5.2,0.048
0.0357,5.2,0.052
0.0358,5.4,0.056
0.0359,5.4,0.04
0.036,5.4,0.052
0.0361,5.4,0.052
0.0362,5.4,0.052
0.0363,5.6,0.04
0.0364,5.4,0.056
0.0365,5.6,0.048
0.0366,5.6,0.044
0.0367,5.6,0.044
0.0368,5.6,0.036
0.0369,5.8,0.04
0.037,5.8,0.044
0.0371,5.8,0.048
0.0372,6,0.044
0.0373,6,0.052
0.0374,6,0.048
0.0375,6,0.048
0.0376,6,0.052
0.0377,6,0.052
0.0378,6.2,0.044
0.0379,6.2,0.04
0.038,6.2,0.04
0.0381,6.2,0.04
0.0382,6.2,0.04
0.0383,6.2,0.044
0.0384,6.4,0.04
0.0385,6.4,0.052
0.0386,6.4,0.048
0.0387,6.6,0.04
0.0388,6.6,0.044
0.0389,6.6,0.048
0.039,6.6,0.04
0.0391,6.6,0.04
0.0392,6.8,0.052
0.0393,6.8,0.048
0.0394,6.8,0.044
0.0395,6.8,0.048
0.0396,6.8,0.04
0.0397,6.8,0.048
0.0398,6.8,0.036
0.0399,7,0.044
0.04,6.8,0.04
0.0401,7,0.04
0.0402,7,0.044
0.0403,7,0.048
0.0404,7.2,0.04
0.0405,7.2,0.044
0.0406,7.2,0.048
0.0407,7.2,0.048
0.0408,7.4,0.048
0.0409,7.4,0.04
0.041,7.2,0.036
0.0411,7.4,0.048
0.0412,7.6,0.044
0.0413,7.6,0.052
0.0414,7.6,0.04
0.0415,7.6,0.04
0.0416,7.8,0.048
0.0417,7.8,0.036
0.0418,7.8,0.04
0.0419,7.8,0.04
0.042,7.8,0.052
0.0421,7.8,0.04
0.0422,8,0.04
0.0423,8,0.048
0.0424,8,0.036
0.0425,8,0.036
0.0426,8,0.044
0.0427,8,0.04
0.0428,8.2,0.036
0.0429,8.2,0.048
0.043,8.2,0.04
0.0431,8.4,0.04
0.0432,8.4,0.04
0.0433,8.4,0.04
0.0434,8.4,0.04
0.0435,8.4,0.036
0.0436,8.4,0.036
0.0437,8.6,0.04
0.0438,8.6,0.048
0.0439,8.6,0.04
0.044,8.6,0.036
0.0441,8.6,0.048
0.0442,8.6,0.032
0.0443,8.6,0.032
0.0444,8.8,0.032
0.0445,8.8,0.044
0.0446,8.8,0.036
0.0447,9,0.036
0.0448,8.8,0.032
0.0449,8.8,0.044
0.045,9,0.036
0.0451,9,0.036
0.0452,9,0.036
0.0453,9,0.036
0.0454,9,0.04
0.0455,9.2,0.048
0.0456,9.2,0.032
0.0457,9.2,0.032
0.0458,9.4,0.032
0.0459,9.2,0.036
0.046,9.4,0.044
0.0461,9.4,0.032
0.0462,9.4,0.04
0.0463,9.6,0.036
0.0464,9.4,0.04
0.0465,9.6,0.036
0.0466,9.6,0.04
0.0467,9.6,0.04
0.0468,9.6,0.036
0.0469,9.8,0.036
0.047,9.8,0.04
0.0471,9.8,0.04
0.0472,10,0.036
0.0473,10,0.036
0.0474,10,0.036
0.0475,10,0.032
0.0476,10,0.02
0.0477,10,0.008
0.0478,10,-0.004
0.0479,9.8,-0.008
0.048,10,-0.008
0.0481,9.6,-0.008
0.0482,9.8,-0.016
0.0483,9.8,-0.016
0.0484,9.6,-0.02
0.0485,9.6,-0.02
0.0486,9.4,-0.024
0.0487,9.6,-0.016
0.0488,9.4,-0.012
0.0489,9.4,-0.016
0.049,9.4,-0.024
0.0491,9.4,-0.02
0.0492,9.4,-0.028
0.0493,9.2,-0.032
0.0494,9.2,-0.02
0.0495,9.2,-0.024
0.0496,9.2,-0.028
0.0497,9.2,-0.02
0.0498,9,-0.028
0.0499,9,-0.02
0.05,9,-0.028
0.0501,9,-0.028
0.0502,9,-0.02
0.0503,8.8,-0.024
0.0504,8.8,-0.02
0.0505,8.8,-0.02
0.0506,8.8,-0.032
0.0507,8.8,-0.028
0.0508,8.6,-0.032
0.0509,8.6,-0.028
0.051,8.6,-0.024
0.0511,8.6,-0.028
0.0512,8.6,-0.028
0.0513,8.6,-0.028
0.0514,8.4,-0.028
0.0515,8.4,-0.028
0.0516,8.4,-0.028
0.0517,8.4,-0.02
0.0518,8.4,-0.032
0.0519,8.2,-0.028
0.052,8.2,-0.028
0.0521,8.2,-0.032
0.0522,8.2,-0.02
0.0523,8.2,-0.04
0.0524,8,-0.032
0.0525,8,-0.024
0.0526,8,-0.028
0.0527,8,-0.02
0.0528,8,-0.028
0.0529,8,-0.024
0.053,7.8,-0.032
0.0531,7.8,-0.032
0.0532,7.8,-0.032
0.0533,7.8,-0.032
0.0534,7.8,-0.032
0.0535,7.6,-0.032
0.0536,7.6,-0.028
0.0537,7.6,-0.032
0.0538,7.6,-0.032
0.0539,7.6,-0.032
0.054,7.6,-0.028
0.0541,7.2,-0.036
0.0542,7.4,-0.032
0.0543,7.2,-0.028
0.0544,7.2,-0.04
0.0545,7.2,-0.02
0.0546,7.2,-0.028
0.0547,7.2,-0.036
0.0548,7,-0.032
0.0549,7,-0.02
0.055,7,-0.032
0.0551,7,-0.032
0.0552,7,-0.032
0.0553,7,-0.032
0.0554,6.8,-0.036
0.0555,6.8,-0.028
0.0556,6.8,-0.024
0.0557,6.8,-0.04
0.0558,6.8,-0.032
0.0559,6.8,-0.036
0.056,6.6,-0.028
0.0561,6.6,-0.032
0.0562,6.4,-0.04
0.0563,6.6,-0.036
0.0564,6.4,-0.04
0.0565,6.4,-0.036
0.0566,6.4,-0.04
0.0567,6.4,-0.036
0.0568,6.2,-0.028
0.0569,6.2,-0.028
0.057,6.2,-0.032
0.0571,6.2,-0.036
0.0572,6,-0.036
0.0573,6,-0.04
0.0574,6.2,-0.032
0.0575,6,-0.044
0.0576,6,-0.032
0.0577,6,-0.04
0.0578,6,-0.04
0.0579,5.8,-0.032
0.058,5.8,-0.032
0.0581,5.8,-0.036
0.0582,5.8,-0.04
0.0583,5.6,-0.036
0.0584,5.6,-0.036
0.0585,5.8,-0.044
0.0586,5.6,-0.036
0.0587,5.6,-0.044
0.0588,5.6,-0.044
0.0589,5.4,-0.032
0.059,5.4,-0.04
0.0591,5.4,-0.044
0.0592,5.4,-0.036
0.0593,5.4,-0.028
0.0594,5.4,-0.04
0.0595,5.2,-0.036
0.0596,5.2,-0.04
0.0597,5,-0.032
0.0598,5,-0.044
0.0599,5,-0.044
0.06,5,-0.04
0.0601,5,-0.036
0.0602,5,-0.04
0.0603,4.8,-0.04
0.0604,4.8,-0.044
0.0605,4.8,-0.04
0.0606,4.8,-0.036
0.0607,4.8,-0.036
0.0608,4.6,-0.032
0.0609,4.6,-0.052
0.061,4.6,-0.04
0.0611,4.6,-0.044
0.0612,4.6,-0.048
0.0613,4.6,-0.04
0.0614,4.6,-0.044
0.0615,4.6,-0.048
0.0616,4.4,-0.044
0.0617,4.4,-0.048
0.0618,4.4,-0.04
0.0619,4.2,-0.044
0.062,4.2,-0.04
0.0621,4.2,-0.048
0.0622,4.2,-0.036
0.0623,4.2,-0.044
0.0624,4,-0.048
0.0625,4,-0.036
0.0626,4,-0.04
0.0627,4,-0.048
0.0628,4,-0.048
0.0629,3.8,-0.056
0.063,3.8,-0.044
0.0631,3.8,-0.048
0.0632,3.8,-0.048
0.0633,3.8,-0.044
0.0634,3.6,-0.048
0.0635,3.6,-0.04
0.0636,3.6,-0.048
0.0637,3.6,-0.048
0.0638,3.6,-0.052
0.0639,3.6,-0.048
0.064,3.4,-0.04
0.0641,3.4,-0.04
0.0642,3.4,-0.04
0.0643,3.4,-0.044
0.0644,3.2,-0.052
0.0645,3.2,-0.048
0.0646,3.2,-0.048
0.0647,3.2,-0.04
0.0648,3.2,-0.044
0.0649,3.2,-0.044
0.065,3,-0.052
0.0651,3,-0.048
0.0652,3,-0.048
0.0653,3,-0.052
0.0654,3,-0.048
0.0655,2.8,-0.052
0.0656,2.8,-0.036
0.0657,2.6,-0.048
0.0658,2.8,-0.048
0.0659,2.6,-0.048
0.066,2.6,-0.048
0.0661,2.6,-0.052
0.0662,2.6,-0.048
0.0663,2.4,-0.048
0.0664,2.4,-0.04
0.0665,2.4,-0.044
0.0666,2.4,-0.048
0.0667,2.4,-0.048
0.0668,2.4,-0.056
0.0669,2.2,-0.044
0.067,2.2,-0.04
0.0671,2.2,-0.048
0.0672,2.2,-0.052
0.0673,2.2,-0.048
0.0674,2,-0.048
0.0675,2,-0.056
0.0676,2,-0.048
0.0677,2,-0.048
0.0678,2,-0.052
0.0679,1.8,-0.044
0.068,1.8,-0.052
0.0681,1.8,-0.048
0.0682,1.8,-0.048
0.0683,1.8,-0.052
0.0684,1.6,-0.056
0.0685,1.6,-0.052
0.0686,1.6,-0.056
0.0687,1.6,-0.048
0.0688,1.6,-0.048
0.0689,1.6,-0.06
0.069,1.4,-0.052
0.0691,1.4,-0.048
0.0692,1.4,-0.044
0.0693,1.2,-0.048
0.0694,1.2,-0.056
0.0695,1.2,-0.044
0.0696,1.2,-0.044
0.0697,1,-0.04
0.0698,1,-0.048
0.0699,1,-0.048
0.07,1,-0.056
0.0701,1,-0.048
0.0702,1,-0.052
0.0703,0.8,-0.044
0.0704,1,-0.044
0.0705,0.8,-0.056
0.0706,0.8,-0.052
0.0707,0.8,-0.048
0.0708,0.8,-0.052
0.0709,0.6,-0.056
0.071,0.6,-0.064
0.0711,0.6,-0.04
0.0712,0.4,-0.056
0.0713,0.6,-0.052
0.0714,0.4,-0.052
0.0715,0.4,-0.048
0.0716,0.4,-0.052
0.0717,0.4,-0.056
0.0718,0.2,-0.044
0.0719,0.2,-0.048
0.072,0.2,-0.048
0.0721,0.2,-0.052
0.0722,0.2,-0.056
0.0723,0.2,-0.048
0.0724,0,-0.056
0.0725,0,-0.052
0.0726,0,-0.052
0.0727,0,-0.052
0.0728,-0.2,-0.048
0.0729,-0.2,-0.052
0.073,-0.2,-0.052
0.0731,-0.2,-0.052
0.0732,-0.2,-0.052
0.0733,-0.2,-0.056
0.0734,-0.4,-0.056
0.0735,-0.4,-0.052
0.0736,-0.4,-0.056
0.0737,-0.4,-0.048
0.0738,-0.6,-0.052
0.0739,-0.4,-0.048
0.074,-0.6,-0.048
0.0741,-0.6,-0.052
0.0742,-0.6,-0.048
0.0743,-0.8,-0.056
0.0744,-0.6,-0.052
0.0745,-0.8,-0.06
0.0746,-0.8,-0.048
0.0747,-0.8,-0.052
0.0748,-0.8,-0.044
0.0749,-1,-0.052
0.075,-1,-0.056
0.0751,-1,-0.048
0.0752,-1.2,-0.052
0.0753,-1,-0.056
0.0754,-1.2,-0.052
0.0755,-1.2,-0.044
0.0756,-1.2,-0.048
0.0757,-1.2,-0.052
0.0758,-1.4,-0.044
0.0759,-1.4,-0.048
0.076,-1.4,-0.048
0.0761,-1.4,-0.052
0.0762,-1.4,-0.048
0.0763,-1.6,-0.048
0.0764,-1.6,-0.048
0.0765,-1.6,-0.048
0.0766,-1.6,-0.052
0.0767,-1.8,-0.06
0.0768,-1.8,-0.052
0.0769,-1.8,-0.048
0.077,-1.8,-0.048
0.0771,-1.8,-0.048
0.0772,-2,-0.06
0.0773,-2,-0.048
0.0774,-2,-0.048
0.0775,-2.2,-0.052
0.0776,-2.2,-0.044
0.0777,-2.2,-0.048
0.0778,-2.2,-0.056
0.0779,-2.2,-0.052
0.078,-2.2,-0.052
0.0781,-2.4,-0.048
0.0782,-2.4,-0.048
0.0783,-2.4,-0.052
0.0784,-2.4,-0.052
0.0785,-2.4,-0.044
0.0786,-2.4,-0.052
0.0787,-2.6,-0.048
0.0788,-2.6,-0.052
0.0789,-2.6,-0.044
0.079,-2.6,-0.044
0.0791,-2.6,-0.052
0.0792,-2.8,-0.048
0.0793,-2.8,-0.048
0.0794,-2.8,-0.048
0.0795,-3,-0.044
0.0796,-3,-0.052
0.0797,-3,-0.052
0.0798,-3.2,-0.056
0.0799,-3,-0.052
0.08,-3,-0.052
0.0801,-3.2,-0.048
0.0802,-3.2,-0.052
0.0803,-3.2,-0.048
0.0804,-3.2,-0.052
0.0805,-3.2,-0.048
0.0806,-3.2,-0.052
0.0807,-3.4,-0.056
0.0808,-3.4,-0.052
0.0809,-3.4,-0.048
0.081,-3.4,-0.048
0.0811,-3.4,-0.044
0.0812,-3.4,-0.048
0.0813,-3.4,-0.052
0.0814,-3.6,-0.044
0.0815,-3.6,-0.048
0.0816,-3.6,-0.052
0.0817,-3.6,-0.048
0.0818,-3.8,-0.044
0.0819,-3.8,-0.048
0.082,-3.8,-0.048
0.0821,-3.8,-0.04
0.0822,-4,-0.052
0.0823,-4,-0.052
0.0824,-4,-0.052
0.0825,-4,-0.044
0.0826,-4,-0.048
0.0827,-4.2,-0.052
0.0828,-4.2,-0.052
0.0829,-4.2,-0.048
0.083,-4.2,-0.048
0.0831,-4.4,-0.044
0.0832,-4.4,-0.044
0.0833,-4.4,-0.044
0.0834,-4.4,-0.044
0.0835,-4.4,-0.044
0.0836,-4.6,-0.044
0.0837,-4.4,-0.044
0.0838,-4.6,-0.048
0.0839,-4.6,-0.048
0.084,-4.6,-0.048
0.0841,-4.8,-0.044
0.0842,-4.8,-0.044
0.0843,-4.8,-0.04
0.0844,-4.8,-0.044
0.0845,-4.8,-0.048
0.0846,-4.8,-0.044
0.0847,-5,-0.048
0.0848,-5,-0.044
0.0849,-5,-0.044
0.085,-5,-0.044
0.0851,-5,-0.048
0.0852,-5.2,-0.044
0.0853,-5.2,-0.048
0.0854,-5.2,-0.044
0.0855,-5.2,-0.044
0.0856,-5.2,-0.036
0.0857,-5.4,-0.04
0.0858,-5.4,-0.04
0.0859,-5.4,-0.044
0.086,-5.4,-0.048
0.0861,-5.4,-0.044
0.0862,-5.4,-0.036
0.0863,-5.4,-0.052
0.0864,-5.6,-0.048
0.0865,-5.6,-0.036
0.0866,-5.6,-0.048
0.0867,-5.6,-0.048
0.0868,-5.8,-0.044
0.0869,-5.8,-0.04
0.087,-5.8,-0.044
0.0871,-5.8,-0.04
0.0872,-5.8,-0.044
0.0873,-6,-0.04
0.0874,-6,-0.044
0.0875,-6,-0.04
0.0876,-6,-0.048
0.0877,-6.2,-0.04
0.0878,-6.2,-0.048
0.0879,-6.2,-0.044
0.088,-6.2,-0.036
0.0881,-6.2,-0.044
0.0882,-6.2,-0.044
0.0883,-6.4,-0.04
0.0884,-6.4,-0.036
0.0885,-6.6,-0.048
0.0886,-6.4,-0.048
0.0887,-6.6,-0.044
0.0888,-6.6,-0.044
0.0889,-6.6,-0.036
0.089,-6.8,-0.04
0.0891,-6.6,-0.04
0.0892,-6.8,-0.048
0.0893,-6.8,-0.048
0.0894,-6.8,-0.036
0.0895,-6.8,-0.044
0.0896,-7,-0.036
0.0897,-7,-0.044
0.0898,-7,-0.044
0.0899,-7,-0.04
0.09,-7,-0.04
0.0901,-7.2,-0.04
0.0902,-7.2,-0.04
0.0903,-7.2,-0.04
0.0904,-7.2,-0.04
0.0905,-7.2,-0.04
0.0906,-7.4,-0.048
0.0907,-7.4,-0.032
0.0908,-7.2,-0.044
0.0909,-7.4,-0.032
0.091,-7.4,-0.044
0.0911,-7.4,-0.048
0.0912,-7.4,-0.036
0.0913,-7.6,-0.036
0.0914,-7.6,-0.04
0.0915,-7.6,-0.036
0.0916,-7.6,-0.04
0.0917,-7.6,-0.044
0.0918,-7.8,-0.04
0.0919,-7.8,-0.036
0.092,-7.8,-0.04
0.0921,-7.8,-0.032
0.0922,-7.8,-0.044
0.0923,-8,-0.04
0.0924,-8,-0.028
0.0925,-8,-0.044
0.0926,-8,-0.04
0.0927,-8,-0.036
0.0928,-8.2,-0.036
0.0929,-8.2,-0.036
0.093,-8.2,-0.032
0.0931,-8.2,-0.04
0.0932,-8.2,-0.028
0.0933,-8.4,-0.04
0.0934,-8.4,-0.036
0.0935,-8.4,-0.032
0.0936,-8.4,-0.036
0.0937,-8.4,-0.032
0.0938,-8.6,-0.036
0.0939,-8.6,-0.04
0.094,-8.6,-0.04
0.0941,-8.8,-0.04
0.0942,-8.8,-0.028
0.0943,-8.8,-0.036
0.0944,-8.8,-0.036
0.0945,-8.8,-0.032
0.0946,-9,-0.04
0.0947,-9,-0.036
0.0948,-9,-0.028
0.0949,-9,-0.04
0.095,-9,-0.036
0.0951,-9,-0.036
0.0952,-9,-0.032
0.0953,-9.4,-0.036
0.0954,-9.2,-0.036
0.0955,-9.4,-0.036
0.0956,-9.2,-0.028
0.0957,-9.2,-0.036
0.0958,-9.4,-0.028
0.0959,-9.4,-0.028
0.096,-9.4,-0.036
0.0961,-9.6,-0.04
0.0962,-9.6,-0.032
0.0963,-9.4,-0.04
0.0964,-9.6,-0.036
0.0965,-9.6,-0.036
0.0966,-9.6,-0.032
0.0967,-9.6,-0.036
0.0968,-9.8,-0.032
0.0969,-9.8,-0.04
0.097,-10,-0.032
0.0971,-9.8,-0.024
0.0972,-9.8,-0.036
0.0973,-10,-0.036
0.0974,-10,-0.04
0.0975,-10,-0.032
0.0976,-10,-0.016
0.0977,-10,-0.012
0.0978,-10,0.012
0.0979,-10,0.02
0.098,-9.8,0.016
0.0981,-9.8,0.016
0.0982,-9.8,0.024
0.0983,-9.8,0.024
0.0984,-9.6,0.032
0.0985,-9.6,0.032
0.0986,-9.6,0.024
0.0987,-9.6,0.032
0.0988,-9.6,0.032
0.0989,-9.6,0.032
0.099,-9.4,0.032
0.0991,-9.4,0.032
0.0992,-9.4,0.024
0.0993,-9.4,0.028
0.0994,-9.2,0.028
0.0995,-9.2,0.032
0.0996,-9.2,0.028
0.0997,-9.2,0.028
0.0998,-9.2,0.028
0.0999,-9.2,0.028
0.1,-9.2,0.024
0.1001,-9,0.028
0.1002,-9,0.028
0.1003,-9,0.036
0.1004,-9,0.028
0.1005,-8.8,0.032
0.1006,-8.8,0.036
0.1007,-8.8,0.032
0.1008,-8.8,0.032
0.1009,-8.8,0.028
0.101,-8.6,0.032
0.1011,-8.6,0.036
0.1012,-8.4,0.028
0.1013,-8.6,0.032
0.1014,-8.6,0.032
0.1015,-8.4,0.028
0.1016,-8.4,0.032
0.1017,-8.4,0.032
0.1018,-8.2,0.028
0.1019,-8.2,0.032
0.102,-8.2,0.024
0.1021,-8.2,0.032
0.1022,-8.2,0.032
0.1023,-8.2,0.028
0.1024,-8,0.028
0.1025,-8,0.024
0.1026,-7.8,0.04
0.1027,-8,0.032
0.1028,-8,0.036
0.1029,-7.8,0.036
0.103,-7.8,0.036
0.1031,-7.8,0.036
0.1032,-7.6,0.032
0.1033,-7.8,0.032
0.1034,-7.8,0.032
0.1035,-7.6,0.032
0.1036,-7.6,0.032
0.1037,-7.6,0.032
0.1038,-7.6,0.036
0.1039,-7.4,0.028
0.104,-7.4,0.04
0.1041,-7.4,0.04
0.1042,-7.4,0.04
0.1043,-7.4,0.04
0.1044,-7.4,0.032
0.1045,-7.2,0.032
0.1046,-7.2,0.04
0.1047,-7.2,0.036
0.1048,-7.2,0.036
0.1049,-7.2,0.032
0.105,-7.2,0.032
0.1051,-7,0.032
0.1052,-7,0.04
0.1053,-7,0.032
0.1054,-7,0.036
0.1055,-6.8,0.036
0.1056,-6.8,0.032
0.1057,-6.8,0.036
0.1058,-6.8,0.036
0.1059,-6.8,0.036
0.106,-6.6,0.04
0.1061,-6.6,0.032
0.1062,-6.8,0.036
0.1063,-6.6,0.04
0.1064,-6.6,0.036
0.1065,-6.6,0.032
0.1066,-6.4,0.036
0.1067,-6.4,0.032
0.1068,-6.2,0.032
0.1069,-6.2,0.036
0.107,-6.2,0.036
0.1071,-6.2,0.044
0.1072,-6.2,0.036
0.1073,-6,0.036
0.1074,-6,0.036
0.1075,-6,0.032
0.1076,-6,0.044
0.1077,-6,0.036
0.1078,-6,0.04
0.1079,-5.8,0.036
0.108,-5.8,0.04
0.1081,-5.8,0.036
0.1082,-5.8,0.032
0.1083,-5.8,0.04
0.1084,-5.6,0.032
0.1085,-5.6,0.044
0.1086,-5.6,0.04
0.1087,-5.6,0.04
0.1088,-5.6,0.044
0.1089,-5.4,0.048
0.109,-5.4,0.044
0.1091,-5.4,0.048
0.1092,-5.4,0.04
0.1093,-5.4,0.04
0.1094,-5.2,0.04
0.1095,-5.2,0.036
0.1096,-5.2,0.04
0.1097,-5.2,0.04
0.1098,-5.2,0.04
0.1099,-5,0.04
0.11,-5.2,0.044
0.1101,-5,0.048
0.1102,-5,0.048
0.1103,-5,0.036
0.1104,-5,0.036
0.1105,-4.8,0.048
0.1106,-4.8,0.044
0.1107,-4.8,0.04
0.1108,-4.8,0.044
0.1109,-4.8,0.04
0.111,-4.6,0.04
0.1111,-4.8,0.036
0.1112,-4.6,0.048
0.1113,-4.6,0.056
0.1114,-4.6,0.052
0.1115,-4.4,0.044
0.1116,-4.4,0.044
0.1117,-4.4,0.048
0.1118,-4.4,0.036
0.1119,-4.4,0.052
0.112,-4.2,0.048
0.1121,-4.2,0.052
0.1122,-4.2,0.044
0.1123,-4.2,0.048
0.1124,-4.2,0.052
0.1125,-4,0.04
0.1126,-4,0.04
0.1127,-4,0.044
0.1128,-3.8,0.04
0.1129,-3.8,0.052
0.113,-3.8,0.052
0.1131,-3.8,0.044
0.1132,-3.8,0.036
0.1133,-3.6,0.04
0.1134,-3.6,0.052
0.1135,-3.6,0.048
0.1136,-3.6,0.044
0.1137,-3.6,0.04
0.1138,-3.4,0.048
0.1139,-3.4,0.048
0.114,-3.4,0.048
0.1141,-3.4,0.052
0.1142,-3.4,0.052
0.1143,-3.4,0.048
0.1144,-3.2,0.04
0.1145,-3.2,0.056
0.1146,-3.2,0.052
0.1147,-3.2,0.052
0.1148,-3.2,0.06
0.1149,-3.2,0.052
0.115,-3,0.044
0.1151,-3,0.056
0.1152,-3,0.04
0.1153,-3,0.04
0.1154,-2.8,0.052
0.1155,-3,0.044
0.1156,-2.8,0.044
0.1157,-2.8,0.044
0.1158,-2.8,0.052
0.1159,-2.8,0.052
0.116,-2.6,0.052
0.1161,-2.6,0.048
0.1162,-2.6,0.056
0.1163,-2.6,0.056
0.1164,-2.4,0.048
0.1165,-2.6,0.052
0.1166,-2.4,0.048
0.1167,-2.4,0.048
0.1168,-2.4,0.052
0.1169,-2.4,0.056
0.117,-2.4,0.052
0.1171,-2.2,0.06
0.1172,-2.2,0.052
0.1173,-2.2,0.056
0.1174,-2.2,0.056
0.1175,-2.2,0.04
0.1176,-2,0.048
0.1177,-2,0.056
0.1178,-2,0.048
0.1179,-2,0.052
0.118,-2,0.052
0.1181,-1.8,0.052
0.1182,-1.8,0.052
0.1183,-1.8,0.056
0.1184,-1.6,0.056
0.1185,-1.6,0.048
0.1186,-1.6,0.06
0.1187,-1.6,0.044
0.1188,-1.6,0.056
0.1189,-1.6,0.056
0.119,-1.4,0.052
0.1191,-1.4,0.048
0.1192,-1.2,0.052
0.1193,-1.2,0.052
0.1194,-1.2,0.044
0.1195,-1.2,0.048
0.1196,-1.2,0.048
0.1197,-1.2,0.052
0.1198,-1.2,0.056
0.1199,-1,0.048
0.12,-1,0.056
0.1201,-1,0.056
0.1202,-1,0.06
0.1203,-0.8,0.056
0.1204,-0.8,0.052
0.1205,-0.8,0.048
0.1206,-0.8,0.048
0.1207,-0.8,0.052
0.1208,-0.6,0.052
0.1209,-0.6,0.056
0.121,-0.6,0.048
0.1211,-0.6,0.052
0.1212,-0.6,0.052
0.1213,-0.4,0.056
0.1214,-0.4,0.052
0.1215,-0.4,0.048
0.1216,-0.4,0.056
0.1217,-0.4,0.056
0.1218,-0.2,0.06
0.1219,-0.2,0.052
0.122,-0.2,0.056
0.1221,-0.2,0.044
0.1222,0,0.052
0.1223,-0.2,0.052
0.1224,0,0.06
0.1225,0,0.048
0.1226,0,0.048
0.1227,0,0.056
0.1228,0,0.06
0.1229,0.2,0.052
0.123,0.2,0.036
0.1231,0.2,0.048
0.1232,0.4,0.048
0.1233,0.4,0.06
0.1234,0.4,0.056
0.1235,0.4,0.056
0.1236,0.4,0.056
0.1237,0.4,0.06
0.1238,0.6,0.06
0.1239,0.6,0.052
0.124,0.6,0.052
0.1241,0.6,0.052
0.1242,0.6,0.06
0.1243,0.8,0.056
0.1244,0.8,0.056
0.1245,0.8,0.06
0.1246,0.8,0.048
0.1247,0.8,0.048
0.1248,1,0.044
0.1249,1,0.048
