-2.16e-05,7.28,0.408
-2.158e-05,7.12,0.408
-2.156e-05,7.28,0.408
-2.154e-05,7.2,0.416
-2.152e-05,7.2,0.408
-2.15e-05,7.28,0.408
-2.148e-05,7.12,0.416
-2.146e-05,7.28,0.416
-2.144e-05,7.2,0.416
-2.142e-05,-0.4,0.424
-2.14e-05,-5.04,0.392
-2.138e-05,-6.32,0.392
-2.136e-05,-8.24,0.448
-2.134e-05,-6.64,0.4
-2.132e-05,-7.36,0.4
-2.13e-05,-7.6,0.424
-2.128e-05,-6.8,0.384
-2.126e-05,-7.44,0.376
-2.124e-05,-7.2,0.416
-2.122e-05,-7.2,0.392
-2.12e-05,-7.36,0.36
-2.118e-05,-7.2,0.408
-2.116e-05,-7.2,0.4
-2.114e-05,-7.36,0.376
-2.112e-05,-7.12,0.4
-2.11e-05,-7.28,0.384
-2.108e-05,-7.2,0.376
-2.106e-05,-7.2,0.384
-2.104e-05,-7.2,0.376
-2.102e-05,-7.28,0.352
-2.1e-05,-7.2,0.384
-2.098e-05,-7.28,0.376
-2.096e-05,-7.2,0.368
-2.094e-05,-7.28,0.384
-2.092e-05,-7.2,0.376
-2.09e-05,-7.28,0.352
-2.088e-05,-7.28,0.368
-2.086e-05,-7.2,0.36
-2.084e-05,-7.2,0.36
-2.082e-05,-7.2,0.368
-2.08e-05,-7.28,0.368
-2.078e-05,-7.2,0.352
-2.076e-05,-7.2,0.368
-2.074e-05,-7.2,0.352
-2.072e-05,-7.2,0.344
-2.07e-05,-7.2,0.36
-2.068e-05,-7.2,0.352
-2.066e-05,-7.2,0.344
-2.064e-05,-7.2,0.352
-2.062e-05,-7.28,0.344
-2.06e-05,-7.2,0.336
-2.058e-05,-7.28,0.352
-2.056e-05,-7.2,0.344
-2.054e-05,-7.12,0.344
-2.052e-05,-7.28,0.336
-2.05e-05,-7.12,0.344
-2.048e-05,-7.2,0.336
-2.046e-05,-7.28,0.328
-2.044e-05,-7.28,0.328
-2.042e-05,-7.12,0.336
-2.04e-05,-7.28,0.336
-2.038e-05,-7.28,0.344
-2.036e-05,-7.12,0.32
-2.034e-05,-7.28,0.328
-2.032e-05,-7.2,0.328
-2.03e-05,-7.12,0.32
-2.028e-05,-7.2,0.312
-2.026e-05,-7.28,0.32
-2.024e-05,-7.28,0.32
-2.022e-05,-7.28,0.328
-2.02e-05,-7.2,0.312
-2.018e-05,-7.28,0.312
-2.016e-05,-7.2,0.312
-2.014e-05,-7.2,0.304
-2.012e-05,-7.28,0.312
-2.01e-05,-7.12,0.312
-2.008e-05,-7.2,0.304
-2.006e-05,-7.2,0.304
-2.004e-05,-7.2,0.312
-2.002e-05,-7.12,0.296
-2e-05,-7.2,0.304
-1.998e-05,-7.2,0.296
-1.996e-05,-7.2,0.296
-1.994e-05,-7.12,0.296
-1.992e-05,-7.2,0.296
-1.99e-05,-7.2,0.296
-1.988e-05,-7.2,0.288
-1.986e-05,-7.2,0.288
-1.984e-05,-7.12,0.288
-1.982e-05,-7.2,0.28
-1.98e-05,-7.12,0.288
-1.978e-05,-7.2,0.28
-1.976e-05,-7.12,0.28
-1.974e-05,-7.2,0.288
-1.972e-05,-7.28,0.272
-1.97e-05,-7.2,0.272
-1.968e-05,-7.12,0.28
-1.966e-05,-7.2,0.28
-1.964e-05,-7.2,0.272
-1.962e-05,-7.2,0.264
-1.96e-05,-7.12,0.264
-1.958e-05,-7.28,0.264
-1.956e-05,-7.28,0.272
-1.954e-05,-7.2,0.264
-1.952e-05,-7.2,0.272
-1.95e-05,-7.2,0.272
-1.948e-05,-7.2,0.264
-1.946e-05,-7.12,0.272
-1.944e-05,-7.2,0.256
-1.942e-05,-7.12,0.256
-1.94e-05,-7.2,0.248
-1.938e-05,-7.2,0.248
-1.936e-05,-7.2,0.264
-1.934e-05,-7.2,0.256
-1.932e-05,-7.2,0.256
-1.93e-05,-7.2,0.256
-1.928e-05,-7.12,0.256
-1.926e-05,-7.2,0.248
-1.924e-05,-7.12,0.24
-1.922e-05,-7.2,0.232
-1.92e-05,-7.2,0.24
-1.918e-05,-7.2,0.248
-1.916e-05,-7.28,0.24
-1.914e-05,-7.2,0.24
-1.912e-05,-7.28,0.24
-1.91e-05,-7.12,0.24
-1.908e-05,-7.2,0.232
-1.906e-05,-7.2,0.248
-1.904e-05,-7.28,0.232
-1.902e-05,-7.2,0.232
-1.9e-05,-7.2,0.224
-1.898e-05,-7.2,0.232
-1.896e-05,-7.2,0.224
-1.894e-05,-7.28,0.224
-1.892e-05,-7.2,0.224
-1.89e-05,-7.2,0.224
-1.888e-05,-7.2,0.216
-1.886e-05,-7.12,0.216
-1.884e-05,-7.2,0.216
-1.882e-05,-7.28,0.216
-1.88e-05,-7.2,0.216
-1.878e-05,-7.2,0.224
-1.876e-05,-7.2,0.216
-1.874e-05,-7.2,0.216
-1.872e-05,-7.2,0.216
-1.87e-05,-7.2,0.208
-1.868e-05,-7.2,0.2
-1.866e-05,-7.2,0.2
-1.864e-05,-7.12,0.2
-1.862e-05,-7.12,0.2
-1.86e-05,-7.28,0.2
-1.858e-05,-7.2,0.192
-1.856e-05,-7.12,0.184
-1.854e-05,-7.2,0.192
-1.852e-05,-7.12,0.192
-1.85e-05,-7.2,0.2
-1.848e-05,-7.2,0.192
-1.846e-05,-7.12,0.192
-1.844e-05,-7.2,0.184
-1.842e-05,-7.28,0.184
-1.84e-05,-7.2,0.192
-1.838e-05,-7.12,0.168
-1.836e-05,-7.2,0.176
-1.834e-05,-7.28,0.176
-1.832e-05,-7.2,0.176
-1.83e-05,-7.2,0.184
-1.828e-05,-7.28,0.184
-1.826e-05,-7.2,0.176
-1.824e-05,-7.12,0.184
-1.822e-05,-7.2,0.176
-1.82e-05,-7.28,0.168
-1.818e-05,-7.28,0.168
-1.816e-05,-7.2,0.168
-1.814e-05,-7.2,0.16
-1.812e-05,-7.2,0.16
-1.81e-05,-7.2,0.16
-1.808e-05,-7.2,0.16
-1.806e-05,-7.2,0.176
-1.804e-05,-7.28,0.168
-1.802e-05,-7.2,0.168
-1.8e-05,-7.12,0.152
-1.798e-05,-7.2,0.152
-1.796e-05,-7.12,0.152
-1.794e-05,-7.2,0.144
-1.792e-05,-7.12,0.152
-1.79e-05,-7.2,0.144
-1.788e-05,-7.28,0.16
-1.786e-05,-7.12,0.16
-1.784e-05,-7.2,0.152
-1.782e-05,-7.2,0.152
-1.78e-05,-7.2,0.144
-1.778e-05,-7.2,0.144
-1.776e-05,-7.2,0.136
-1.774e-05,-7.2,0.128
-1.772e-05,-7.2,0.136
-1.77e-05,-7.12,0.136
-1.768e-05,-7.12,0.144
-1.766e-05,-7.12,0.128
-1.764e-05,-7.12,0.128
-1.762e-05,-7.2,0.128
-1.76e-05,-7.2,0.136
-1.758e-05,-7.2,0.128
-1.756e-05,-7.2,0.12
-1.754e-05,-7.2,0.128
-1.752e-05,-7.12,0.12
-1.75e-05,-7.2,0.128
-1.748e-05,-7.2,0.128
-1.746e-05,-7.2,0.128
-1.744e-05,-7.2,0.12
-1.742e-05,-7.28,0.12
-1.74e-05,-7.2,0.12
-1.738e-05,-7.2,0.12
-1.736e-05,-7.2,0.12
-1.734e-05,-7.28,0.112
-1.732e-05,-7.2,0.096
-1.73e-05,-7.2,0.12
-1.728e-05,-7.12,0.112
-1.726e-05,-7.36,0.112
-1.724e-05,-7.28,0.104
-1.722e-05,-7.2,0.096
-1.72e-05,-7.04,0.104
-1.718e-05,-7.12,0.088
-1.716e-05,-7.28,0.104
-1.714e-05,-7.12,0.104
-1.712e-05,-7.2,0.104
-1.71e-05,-7.28,0.096
-1.708e-05,-7.2,0.096
-1.706e-05,-7.2,0.088
-1.704e-05,-7.2,0.104
-1.702e-05,-7.2,0.096
-1.7e-05,-7.28,0.096
-1.698e-05,-7.28,0.088
-1.696e-05,-7.12,0.08
-1.694e-05,-7.2,0.088
-1.692e-05,-7.28,0.08
-1.69e-05,-7.2,0.08
-1.688e-05,-7.2,0.08
-1.686e-05,-7.2,0.08
-1.684e-05,-7.2,0.088
-1.682e-05,-7.2,0.08
-1.68e-05,-7.28,0.088
-1.678e-05,-7.12,0.072
-1.676e-05,-7.28,0.064
-1.674e-05,-7.12,0.08
-1.672e-05,-7.12,0.056
-1.67e-05,-7.28,0.064
-1.668e-05,-7.2,0.064
-1.666e-05,-7.2,0.064
-1.664e-05,-7.2,0.064
-1.662e-05,-7.2,0.072
-1.66e-05,-7.2,0.064
-1.658e-05,-7.04,0.056
-1.656e-05,-7.12,0.064
-1.654e-05,-7.2,0.056
-1.652e-05,-7.2,0.048
-1.65e-05,-7.2,0.056
-1.648e-05,-7.2,0.048
-1.646e-05,-7.2,0.056
-1.644e-05,-7.2,0.056
-1.642e-05,-7.12,0.064
-1.64e-05,-7.2,0.048
-1.638e-05,-7.28,0.032
-1.636e-05,-7.2,0.048
-1.634e-05,-7.2,0.04
-1.632e-05,-7.28,0.048
-1.63e-05,-7.2,0.04
-1.628e-05,-7.12,0.048
-1.626e-05,-7.28,0.032
-1.624e-05,-7.2,0.048
-1.622e-05,-7.2,0.032
-1.62e-05,-7.2,0.032
-1.618e-05,-7.2,0.04
-1.616e-05,-7.2,0.032
-1.614e-05,-7.2,0.032
-1.612e-05,-7.2,0.032
-1.61e-05,-7.2,0.024
-1.608e-05,-7.2,0.032
-1.606e-05,-7.2,0.024
-1.604e-05,-7.2,0.032
-1.602e-05,-7.2,0.024
-1.6e-05,-7.2,0.024
-1.598e-05,-7.12,0.024
-1.596e-05,-7.2,0.016
-1.594e-05,-7.2,0.016
-1.592e-05,-7.2,0.008
-1.59e-05,-7.28,0.016
-1.588e-05,-7.2,0.016
-1.586e-05,-7.12,0.008
-1.584e-05,-7.2,0.008
-1.582e-05,-7.2,0.016
-1.58e-05,-7.2,0.008
-1.578e-05,-7.2,0.008
-1.576e-05,-7.2,0
-1.574e-05,-7.2,0
-1.572e-05,-7.2,-0.016
-1.57e-05,-7.2,0
-1.568e-05,-7.2,0
-1.566e-05,-7.2,0
-1.564e-05,-7.2,0
-1.562e-05,-7.2,0
-1.56e-05,-7.2,-0.008
-1.558e-05,-7.2,0
-1.556e-05,-7.2,0
-1.554e-05,-7.2,-0.016
-1.552e-05,-7.12,-0.016
-1.55e-05,-7.2,-0.008
-1.548e-05,-7.2,-0.024
-1.546e-05,-7.28,-0.024
-1.544e-05,-7.2,-0.024
-1.542e-05,-7.2,-0.016
-1.54e-05,-7.2,-0.016
-1.538e-05,-7.2,-0.024
-1.536e-05,-7.2,-0.016
-1.534e-05,-7.28,-0.024
-1.532e-05,-7.2,-0.024
-1.53e-05,-7.2,-0.016
-1.528e-05,-7.28,-0.032
-1.526e-05,-7.2,-0.04
-1.524e-05,-7.2,-0.032
-1.522e-05,-7.12,-0.024
-1.52e-05,-7.2,-0.024
-1.518e-05,-7.2,-0.032
-1.516e-05,-7.28,-0.032
-1.514e-05,-7.2,-0.04
-1.512e-05,-7.28,-0.04
-1.51e-05,-7.2,-0.04
-1.508e-05,-7.2,-0.04
-1.506e-05,-7.2,-0.048
-1.504e-05,-7.28,-0.048
-1.502e-05,-7.2,-0.048
-1.5e-05,-7.28,-0.048
-1.498e-05,-7.12,-0.048
-1.496e-05,-7.28,-0.048
-1.494e-05,-7.2,-0.048
-1.492e-05,-7.2,-0.04
-1.49e-05,-7.2,-0.048
-1.488e-05,-7.12,-0.048
-1.486e-05,-7.2,-0.056
-1.484e-05,-7.12,-0.064
-1.482e-05,-7.28,-0.056
-1.48e-05,-7.2,-0.072
-1.478e-05,-7.28,-0.056
-1.476e-05,-7.12,-0.056
-1.474e-05,-7.2,-0.056
-1.472e-05,-7.28,-0.072
-1.47e-05,-7.2,-0.064
-1.468e-05,-7.28,-0.072
-1.466e-05,-7.12,-0.072
-1.464e-05,-7.12,-0.056
-1.462e-05,-7.2,-0.064
-1.46e-05,-7.12,-0.072
-1.458e-05,-7.28,-0.072
-1.456e-05,-7.28,-0.072
-1.454e-05,-7.36,-0.072
-1.452e-05,-7.28,-0.08
-1.45e-05,-7.2,-0.08
-1.448e-05,-7.2,-0.088
-1.446e-05,-7.2,-0.08
-1.444e-05,-7.2,-0.08
-1.442e-05,-7.28,-0.08
-1.44e-05,-7.28,-0.08
-1.438e-05,-7.2,-0.08
-1.436e-05,-7.28,-0.08
-1.434e-05,-7.28,-0.088
-1.432e-05,-7.36,-0.088
-1.43e-05,-7.28,-0.104
-1.428e-05,-7.28,-0.096
-1.426e-05,-7.2,-0.096
-1.424e-05,-7.28,-0.096
-1.422e-05,-7.2,-0.096
-1.42e-05,-7.2,-0.088
-1.418e-05,-7.2,-0.096
-1.416e-05,-7.28,-0.096
-1.414e-05,-7.28,-0.096
-1.412e-05,-7.2,-0.112
-1.41e-05,-7.2,-0.104
-1.408e-05,-7.2,-0.12
-1.406e-05,-7.2,-0.112
-1.404e-05,-7.2,-0.112
-1.402e-05,-7.2,-0.104
-1.4e-05,-7.2,-0.112
-1.398e-05,-7.2,-0.112
-1.396e-05,-7.2,-0.112
-1.394e-05,-7.2,-0.12
-1.392e-05,-7.2,-0.128
-1.39e-05,-7.12,-0.12
-1.388e-05,-7.28,-0.12
-1.386e-05,-7.2,-0.112
-1.384e-05,-7.2,-0.128
-1.382e-05,-7.2,-0.128
-1.38e-05,-7.28,-0.12
-1.378e-05,-7.28,-0.128
-1.376e-05,-7.2,-0.128
-1.374e-05,-7.12,-0.128
-1.372e-05,-7.28,-0.136
-1.37e-05,-7.28,-0.128
-1.368e-05,-7.28,-0.136
-1.366e-05,-7.2,-0.136
-1.364e-05,-7.28,-0.136
-1.362e-05,-7.28,-0.144
-1.36e-05,-7.2,-0.128
-1.358e-05,-7.2,-0.136
-1.356e-05,-7.12,-0.144
-1.354e-05,-7.28,-0.144
-1.352e-05,-7.2,-0.128
-1.35e-05,-7.28,-0.144
-1.348e-05,-7.2,-0.144
-1.346e-05,-7.2,-0.144
-1.344e-05,-7.28,-0.144
-1.342e-05,-7.28,-0.144
-1.34e-05,-7.2,-0.136
-1.338e-05,-7.12,-0.152
-1.336e-05,-7.28,-0.152
-1.334e-05,-7.2,-0.152
-1.332e-05,-7.2,-0.16
-1.33e-05,-7.28,-0.16
-1.328e-05,-7.2,-0.16
-1.326e-05,-7.2,-0.16
-1.324e-05,-7.28,-0.152
-1.322e-05,-7.28,-0.16
-1.32e-05,-7.12,-0.168
-1.318e-05,-7.28,-0.16
-1.316e-05,-7.2,-0.152
-1.314e-05,-7.28,-0.168
-1.312e-05,-7.2,-0.152
-1.31e-05,-7.28,-0.16
-1.308e-05,-7.12,-0.168
-1.306e-05,-7.28,-0.176
-1.304e-05,-7.2,-0.176
-1.302e-05,-7.36,-0.176
-1.3e-05,-7.2,-0.176
-1.298e-05,-7.2,-0.176
-1.296e-05,-7.28,-0.168
-1.294e-05,-7.28,-0.176
-1.292e-05,-7.28,-0.168
-1.29e-05,-7.2,-0.184
-1.288e-05,-7.28,-0.184
-1.286e-05,-7.28,-0.192
-1.284e-05,-7.2,-0.184
-1.282e-05,-7.2,-0.192
-1.28e-05,-7.28,-0.192
-1.278e-05,-7.2,-0.192
-1.276e-05,-7.28,-0.184
-1.274e-05,-7.2,-0.192
-1.272e-05,-7.2,-0.192
-1.27e-05,-7.2,-0.192
-1.268e-05,-7.2,-0.192
-1.266e-05,-7.28,-0.192
-1.264e-05,-7.2,-0.2
-1.262e-05,-7.28,-0.2
-1.26e-05,-7.28,-0.2
-1.258e-05,-7.2,-0.2
-1.256e-05,-7.2,-0.2
-1.254e-05,-7.2,-0.2
-1.252e-05,-7.2,-0.2
-1.25e-05,-7.2,-0.208
-1.248e-05,-7.28,-0.216
-1.246e-05,-7.28,-0.208
-1.244e-05,-7.2,-0.224
-1.242e-05,-7.2,-0.216
-1.24e-05,-7.28,-0.216
-1.238e-05,-7.2,-0.216
-1.236e-05,-7.28,-0.216
-1.234e-05,-7.28,-0.208
-1.232e-05,-7.28,-0.224
-1.23e-05,-7.28,-0.216
-1.228e-05,-7.2,-0.224
-1.226e-05,-7.2,-0.216
-1.224e-05,-7.28,-0.224
-1.222e-05,-7.2,-0.224
-1.22e-05,-7.28,-0.224
-1.218e-05,-7.2,-0.224
-1.216e-05,-7.28,-0.224
-1.214e-05,-7.2,-0.224
-1.212e-05,-7.2,-0.224
-1.21e-05,-7.2,-0.24
-1.208e-05,-7.28,-0.224
-1.206e-05,-7.28,-0.248
-1.204e-05,-7.2,-0.232
-1.202e-05,-7.2,-0.232
-1.2e-05,-7.2,-0.24
-1.198e-05,-7.2,-0.24
-1.196e-05,-7.28,-0.232
-1.194e-05,-7.28,-0.24
-1.192e-05,-7.2,-0.24
-1.19e-05,-7.2,-0.24
-1.188e-05,-7.2,-0.248
-1.186e-05,-7.28,-0.248
-1.184e-05,-7.2,-0.24
-1.182e-05,-7.28,-0.248
-1.18e-05,-7.2,-0.256
-1.178e-05,-7.28,-0.248
-1.176e-05,-7.28,-0.248
-1.174e-05,-7.28,-0.248
-1.172e-05,-7.2,-0.248
-1.17e-05,-7.28,-0.256
-1.168e-05,-7.2,-0.264
-1.166e-05,-7.28,-0.264
-1.164e-05,-7.28,-0.256
-1.162e-05,-7.2,-0.256
-1.16e-05,-7.2,-0.264
-1.158e-05,-7.2,-0.264
-1.156e-05,-7.2,-0.28
-1.154e-05,-7.2,-0.264
-1.152e-05,-7.36,-0.264
-1.15e-05,-7.28,-0.264
-1.148e-05,-7.28,-0.272
-1.146e-05,-7.28,-0.264
-1.144e-05,-7.28,-0.264
-1.142e-05,-7.28,-0.28
-1.14e-05,-7.28,-0.28
-1.138e-05,-7.28,-0.28
-1.136e-05,-7.2,-0.28
-1.134e-05,-7.28,-0.272
-1.132e-05,-7.36,-0.28
-1.13e-05,-7.2,-0.28
-1.128e-05,-7.12,-0.28
-1.126e-05,-7.12,-0.264
-1.124e-05,-7.2,-0.288
-1.122e-05,-7.2,-0.288
-1.12e-05,-7.28,-0.288
-1.118e-05,-7.2,-0.288
-1.116e-05,-7.28,-0.288
-1.114e-05,-7.28,-0.288
-1.112e-05,-7.28,-0.296
-1.11e-05,-7.2,-0.296
-1.108e-05,-7.2,-0.296
-1.106e-05,-7.2,-0.304
-1.104e-05,-7.28,-0.296
-1.102e-05,-7.2,-0.312
-1.1e-05,-7.28,-0.312
-1.098e-05,-7.28,-0.296
-1.096e-05,-7.28,-0.296
-1.094e-05,-7.28,-0.304
-1.092e-05,-7.2,-0.304
-1.09e-05,-7.28,-0.304
-1.088e-05,-7.28,-0.312
-1.086e-05,-7.28,-0.312
-1.084e-05,-7.28,-0.312
-1.082e-05,-7.28,-0.312
-1.08e-05,-7.2,-0.32
-1.078e-05,-7.2,-0.32
-1.076e-05,-7.28,-0.312
-1.074e-05,-7.28,-0.312
-1.072e-05,-7.2,-0.312
-1.07e-05,-7.2,-0.312
-1.068e-05,-7.28,-0.312
-1.066e-05,-7.28,-0.328
-1.064e-05,-7.2,-0.328
-1.062e-05,-7.36,-0.328
-1.06e-05,-7.2,-0.336
-1.058e-05,-7.2,-0.32
-1.056e-05,-7.28,-0.32
-1.054e-05,-7.28,-0.32
-1.052e-05,-7.2,-0.328
-1.05e-05,-7.28,-0.328
-1.048e-05,-7.28,-0.328
-1.046e-05,-7.28,-0.336
-1.044e-05,-7.28,-0.336
-1.042e-05,-7.28,-0.344
-1.04e-05,-7.2,-0.344
-1.038e-05,-7.28,-0.336
-1.036e-05,-7.2,-0.336
-1.034e-05,-7.28,-0.336
-1.032e-05,-7.28,-0.344
-1.03e-05,-7.28,-0.336
-1.028e-05,-7.36,-0.336
-1.026e-05,-7.2,-0.344
-1.024e-05,-7.28,-0.344
-1.022e-05,-7.28,-0.352
-1.02e-05,-7.28,-0.352
-1.018e-05,-7.2,-0.352
-1.016e-05,-7.28,-0.344
-1.014e-05,-7.12,-0.344
-1.012e-05,-7.28,-0.36
-1.01e-05,-7.28,-0.344
-1.008e-05,-7.2,-0.36
-1.006e-05,-7.2,-0.344
-1.004e-05,-7.2,-0.352
-1.002e-05,-7.28,-0.36
-1e-05,-7.2,-0.36
-9.98e-06,-7.2,-0.352
-9.96e-06,-7.28,-0.352
-9.94e-06,-7.28,-0.368
-9.92e-06,-7.28,-0.368
-9.9e-06,-7.12,-0.368
-9.88e-06,-7.36,-0.376
-9.86e-06,-7.2,-0.368
-9.84e-06,-7.2,-0.368
-9.82e-06,-7.28,-0.368
-9.8e-06,-7.28,-0.36
-9.78e-06,-7.28,-0.376
-9.76e-06,-7.28,-0.384
-9.74e-06,-7.2,-0.376
-9.72e-06,-7.2,-0.376
-9.7e-06,-7.2,-0.376
-9.68e-06,-7.2,-0.384
-9.66e-06,-7.2,-0.384
-9.64e-06,-7.2,-0.384
-9.62e-06,-7.2,-0.384
-9.6e-06,-7.12,-0.384
-9.58e-06,-7.2,-0.392
-9.56e-06,-7.2,-0.384
-9.54e-06,-7.28,-0.392
-9.52e-06,-7.2,-0.392
-9.5e-06,-7.28,-0.384
-9.48e-06,-7.2,-0.384
-9.46e-06,-7.12,-0.384
-9.44e-06,-7.28,-0.4
-9.42e-06,-7.2,-0.408
-9.4e-06,-7.12,-0.4
-9.38e-06,-7.2,-0.408
-9.36e-06,-7.2,-0.392
-9.34e-06,-7.28,-0.4
-9.32e-06,-7.2,-0.392
-9.3e-06,-7.12,-0.4
-9.28e-06,-7.12,-0.392
-9.26e-06,-7.12,-0.4
-9.24e-06,-7.2,-0.4
-9.22e-06,-7.28,-0.4
-9.2e-06,-7.2,-0.416
-9.18e-06,-7.2,-0.416
-9.16e-06,-7.2,-0.416
-9.14e-06,-7.2,-0.416
-9.12e-06,-7.2,-0.408
-9.1e-06,-7.2,-0.408
-9.08e-06,-7.28,-0.408
-9.06e-06,-7.2,-0.416
-9.04e-06,-7.2,-0.416
-9.02e-06,-7.2,-0.424
-9e-06,-7.2,-0.432
-8.98e-06,-7.2,-0.424
-8.96e-06,-7.12,-0.416
-8.94e-06,-7.12,-0.432
-8.92e-06,-7.2,-0.424
-8.9e-06,0.08,-0.424
-8.88e-06,4.88,-0.384
-8.86e-06,6.48,-0.408
-8.84e-06,8.08,-0.44
-8.82e-06,6.4,-0.4
-8.8e-06,7.36,-0.392
-8.78e-06,7.6,-0.432
-8.76e-06,6.96,-0.392
-8.74e-06,7.44,-0.392
-8.72e-06,7.2,-0.424
-8.7e-06,7.2,-0.392
-8.68e-06,7.6,-0.384
-8.66e-06,7.12,-0.408
-8.64e-06,7.28,-0.384
-8.62e-06,7.28,-0.376
-8.6e-06,7.28,-0.408
-8.58e-06,7.28,-0.392
-8.56e-06,7.2,-0.376
-8.54e-06,7.28,-0.392
-8.52e-06,7.2,-0.384
-8.5e-06,7.2,-0.36
-8.48e-06,7.2,-0.384
-8.46e-06,7.2,-0.376
-8.44e-06,7.28,-0.376
-8.42e-06,7.28,-0.384
-8.4e-06,7.2,-0.384
-8.38e-06,7.2,-0.368
-8.36e-06,7.12,-0.376
-8.34e-06,7.28,-0.368
-8.32e-06,7.28,-0.36
-8.3e-06,7.28,-0.368
-8.28e-06,7.2,-0.368
-8.26e-06,7.28,-0.36
-8.24e-06,7.28,-0.368
-8.22e-06,7.28,-0.36
-8.2e-06,7.2,-0.36
-8.18e-06,7.2,-0.368
-8.16e-06,7.28,-0.352
-8.14e-06,7.2,-0.352
-8.12e-06,7.28,-0.352
-8.1e-06,7.12,-0.36
-8.08e-06,7.2,-0.344
-8.06e-06,7.2,-0.352
-8.04e-06,7.2,-0.344
-8.02e-06,7.36,-0.344
-8e-06,7.12,-0.336
-7.98e-06,7.2,-0.344
-7.96e-06,7.2,-0.336
-7.94e-06,7.2,-0.344
-7.92e-06,7.2,-0.336
-7.9e-06,7.2,-0.336
-7.88e-06,7.2,-0.336
-7.86e-06,7.2,-0.328
-7.84e-06,7.28,-0.336
-7.82e-06,7.2,-0.336
-7.8e-06,7.28,-0.328
-7.78e-06,7.2,-0.32
-7.76e-06,7.28,-0.328
-7.74e-06,7.12,-0.328
-7.72e-06,7.2,-0.328
-7.7e-06,7.2,-0.328
-7.68e-06,7.2,-0.32
-7.66e-06,7.2,-0.312
-7.64e-06,7.12,-0.304
-7.62e-06,7.2,-0.312
-7.6e-06,7.28,-0.312
-7.58e-06,7.04,-0.304
-7.56e-06,7.2,-0.312
-7.54e-06,7.2,-0.304
-7.52e-06,7.2,-0.312
-7.5e-06,7.2,-0.304
-7.48e-06,7.28,-0.288
-7.46e-06,7.28,-0.296
-7.44e-06,7.12,-0.296
-7.42e-06,7.2,-0.296
-7.4e-06,7.2,-0.304
-7.38e-06,7.2,-0.28
-7.36e-06,7.28,-0.296
-7.34e-06,7.04,-0.296
-7.32e-06,7.28,-0.296
-7.3e-06,7.2,-0.28
-7.28e-06,7.2,-0.288
-7.26e-06,7.2,-0.288
-7.24e-06,7.2,-0.288
-7.22e-06,7.2,-0.288
-7.2e-06,7.12,-0.288
-7.18e-06,7.2,-0.28
-7.16e-06,7.12,-0.288
-7.14e-06,7.12,-0.272
-7.12e-06,7.2,-0.28
-7.1e-06,7.12,-0.288
-7.08e-06,7.12,-0.28
-7.06e-06,7.04,-0.272
-7.04e-06,7.2,-0.28
-7.02e-06,7.2,-0.264
-7e-06,7.2,-0.28
-6.98e-06,7.2,-0.272
-6.96e-06,7.12,-0.272
-6.94e-06,7.12,-0.272
-6.92e-06,7.2,-0.264
-6.9e-06,7.2,-0.256
-6.88e-06,7.12,-0.256
-6.86e-06,7.12,-0.264
-6.84e-06,7.12,-0.256
-6.82e-06,7.2,-0.256
-6.8e-06,7.2,-0.264
-6.78e-06,7.2,-0.264
-6.76e-06,7.28,-0.256
-6.74e-06,7.2,-0.256
-6.72e-06,7.12,-0.248
-6.7e-06,7.28,-0.248
-6.68e-06,7.12,-0.248
-6.66e-06,7.12,-0.24
-6.64e-06,7.36,-0.24
-6.62e-06,7.2,-0.248
-6.6e-06,7.12,-0.24
-6.58e-06,7.2,-0.232
-6.56e-06,7.12,-0.232
-6.54e-06,7.12,-0.24
-6.52e-06,7.12,-0.232
-6.5e-06,7.12,-0.232
-6.48e-06,7.2,-0.24
-6.46e-06,7.2,-0.24
-6.44e-06,7.12,-0.24
-6.42e-06,7.2,-0.224
-6.4e-06,7.2,-0.216
-6.38e-06,7.2,-0.224
-6.36e-06,7.2,-0.224
-6.34e-06,7.2,-0.224
-6.32e-06,7.28,-0.224
-6.3e-06,7.12,-0.216
-6.28e-06,7.28,-0.232
-6.26e-06,7.2,-0.216
-6.24e-06,7.2,-0.216
-6.22e-06,7.2,-0.216
-6.2e-06,7.2,-0.216
-6.18e-06,7.12,-0.216
-6.16e-06,7.28,-0.208
-6.14e-06,7.2,-0.2
-6.12e-06,7.12,-0.208
-6.1e-06,7.2,-0.208
-6.08e-06,7.12,-0.2
-6.06e-06,7.2,-0.2
-6.04e-06,7.2,-0.208
-6.02e-06,7.2,-0.208
-6e-06,7.12,-0.192
-5.98e-06,7.12,-0.2
-5.96e-06,7.2,-0.208
-5.94e-06,7.2,-0.192
-5.92e-06,7.2,-0.2
-5.9e-06,7.2,-0.192
-5.88e-06,7.2,-0.2
-5.86e-06,7.12,-0.192
-5.84e-06,7.12,-0.184
-5.82e-06,7.2,-0.184
-5.8e-06,7.2,-0.176
-5.78e-06,7.28,-0.176
-5.76e-06,7.12,-0.176
-5.74e-06,7.2,-0.192
-5.72e-06,7.2,-0.184
-5.7e-06,7.2,-0.184
-5.68e-06,7.2,-0.184
-5.66e-06,7.2,-0.176
-5.64e-06,7.12,-0.168
-5.62e-06,7.2,-0.168
-5.6e-06,7.12,-0.16
-5.58e-06,7.2,-0.176
-5.56e-06,7.12,-0.168
-5.54e-06,7.2,-0.176
-5.52e-06,7.2,-0.176
-5.5e-06,7.2,-0.16
-5.48e-06,7.2,-0.168
-5.46e-06,7.12,-0.16
-5.44e-06,7.2,-0.16
-5.42e-06,7.2,-0.16
-5.4e-06,7.2,-0.144
-5.38e-06,7.2,-0.16
-5.36e-06,7.12,-0.136
-5.34e-06,7.12,-0.152
-5.32e-06,7.12,-0.152
-5.3e-06,7.2,-0.152
-5.28e-06,7.28,-0.152
-5.26e-06,7.12,-0.144
-5.24e-06,7.12,-0.136
-5.22e-06,7.12,-0.136
-5.2e-06,7.28,-0.128
-5.18e-06,7.2,-0.144
-5.16e-06,7.12,-0.144
-5.14e-06,7.12,-0.144
-5.12e-06,7.12,-0.152
-5.1e-06,7.2,-0.136
-5.08e-06,7.2,-0.144
-5.06e-06,7.2,-0.136
-5.04e-06,7.2,-0.136
-5.02e-06,7.2,-0.136
-5e-06,7.12,-0.136
-4.98e-06,7.2,-0.136
-4.96e-06,7.2,-0.128
-4.94e-06,7.12,-0.128
-4.92e-06,7.28,-0.12
-4.9e-06,7.2,-0.12
-4.88e-06,7.12,-0.12
-4.86e-06,7.12,-0.12
-4.84e-06,7.28,-0.12
-4.82e-06,7.2,-0.12
-4.8e-06,7.12,-0.12
-4.78e-06,7.2,-0.112
-4.76e-06,7.2,-0.112
-4.74e-06,7.2,-0.112
-4.72e-06,7.28,-0.12
-4.7e-06,7.2,-0.12
-4.68e-06,7.12,-0.112
-4.66e-06,7.28,-0.104
-4.64e-06,7.2,-0.104
-4.62e-06,7.12,-0.104
-4.6e-06,7.2,-0.096
-4.58e-06,7.2,-0.096
-4.56e-06,7.2,-0.112
-4.54e-06,7.12,-0.088
-4.52e-06,7.2,-0.096
-4.5e-06,7.12,-0.096
-4.48e-06,7.2,-0.096
-4.46e-06,7.28,-0.096
-4.44e-06,7.12,-0.088
-4.42e-06,7.2,-0.08
-4.4e-06,7.28,-0.088
-4.38e-06,7.2,-0.096
-4.36e-06,7.28,-0.072
-4.34e-06,7.2,-0.08
-4.32e-06,7.2,-0.096
-4.3e-06,7.2,-0.08
-4.28e-06,7.12,-0.08
-4.26e-06,7.12,-0.088
-4.24e-06,7.2,-0.072
-4.22e-06,7.2,-0.08
-4.2e-06,7.12,-0.08
-4.18e-06,7.28,-0.072
-4.16e-06,7.2,-0.056
-4.14e-06,7.12,-0.08
-4.12e-06,7.2,-0.072
-4.1e-06,7.12,-0.072
-4.08e-06,7.12,-0.072
-4.06e-06,7.2,-0.064
-4.04e-06,7.12,-0.072
-4.02e-06,7.12,-0.064
-4e-06,7.12,-0.064
-3.98e-06,7.2,-0.056
-3.96e-06,7.12,-0.056
-3.94e-06,7.12,-0.056
-3.92e-06,7.2,-0.056
-3.9e-06,7.2,-0.064
-3.88e-06,7.2,-0.064
-3.86e-06,7.12,-0.048
-3.84e-06,7.2,-0.056
-3.82e-06,7.12,-0.048
-3.8e-06,7.28,-0.048
-3.78e-06,7.12,-0.04
-3.76e-06,7.2,-0.056
-3.74e-06,7.2,-0.048
-3.72e-06,7.2,-0.048
-3.7e-06,7.12,-0.04
-3.68e-06,7.12,-0.04
-3.66e-06,7.12,-0.04
-3.64e-06,7.2,-0.048
-3.62e-06,7.12,-0.032
-3.6e-06,7.2,-0.032
-3.58e-06,7.04,-0.032
-3.56e-06,7.28,-0.032
-3.54e-06,7.2,-0.032
-3.52e-06,7.28,-0.016
-3.5e-06,7.2,-0.032
-3.48e-06,7.04,-0.032
-3.46e-06,7.2,-0.032
-3.44e-06,7.2,-0.024
-3.42e-06,7.2,-0.008
-3.4e-06,7.2,-0.024
-3.38e-06,7.2,-0.008
-3.36e-06,7.28,-0.016
-3.34e-06,7.2,-0.016
-3.32e-06,7.2,-0.016
-3.3e-06,7.2,-0.016
-3.28e-06,7.12,-0.024
-3.26e-06,7.2,-0.008
-3.24e-06,7.2,-0.008
-3.22e-06,7.2,-0.008
-3.2e-06,7.2,-0.008
-3.18e-06,7.12,0
-3.16e-06,7.2,0
-3.14e-06,7.12,-0.008
-3.12e-06,7.2,-0.008
-3.1e-06,7.2,0
-3.08e-06,7.12,-0.008
-3.06e-06,7.2,-0.008
-3.04e-06,7.2,0.008
-3.02e-06,7.12,0
-3e-06,7.2,0.008
-2.98e-06,7.2,0.008
-2.96e-06,7.2,0.016
-2.94e-06,7.28,0.016
-2.92e-06,7.12,0.024
-2.9e-06,7.2,0.008
-2.88e-06,7.2,0.016
-2.86e-06,7.28,0.016
-2.84e-06,7.28,0.008
-2.82e-06,7.2,0.008
-2.8e-06,7.2,0.016
-2.78e-06,7.2,0.016
-2.76e-06,7.2,0.024
-2.74e-06,7.28,0.024
-2.72e-06,7.12,0.024
-2.7e-06,7.12,0.024
-2.68e-06,7.28,0.032
-2.66e-06,7.28,0.024
-2.64e-06,7.12,0.016
-2.62e-06,7.2,0.032
-2.6e-06,7.28,0.032
-2.58e-06,7.12,0.04
-2.56e-06,7.28,0.048
-2.54e-06,7.12,0.024
-2.52e-06,7.2,0.048
-2.5e-06,7.12,0.04
-2.48e-06,7.2,0.032
-2.46e-06,7.2,0.04
-2.44e-06,7.2,0.04
-2.42e-06,7.2,0.04
-2.4e-06,7.2,0.048
-2.38e-06,7.2,0.04
-2.36e-06,7.28,0.056
-2.34e-06,7.2,0.04
-2.32e-06,7.28,0.056
-2.3e-06,7.2,0.056
-2.28e-06,7.28,0.056
-2.26e-06,7.12,0.064
-2.24e-06,7.12,0.056
-2.22e-06,7.2,0.056
-2.2e-06,7.2,0.064
-2.18e-06,7.2,0.064
-2.16e-06,7.12,0.056
-2.14e-06,7.2,0.072
-2.12e-06,7.2,0.064
-2.1e-06,7.2,0.072
-2.08e-06,7.2,0.064
-2.06e-06,7.12,0.056
-2.04e-06,7.2,0.064
-2.02e-06,7.12,0.072
-2e-06,7.28,0.072
-1.98e-06,7.28,0.072
-1.96e-06,7.2,0.08
-1.94e-06,7.2,0.072
-1.92e-06,7.2,0.088
-1.9e-06,7.2,0.08
-1.88e-06,7.2,0.08
-1.86e-06,7.2,0.08
-1.84e-06,7.28,0.08
-1.82e-06,7.28,0.088
-1.8e-06,7.2,0.088
-1.78e-06,7.2,0.088
-1.76e-06,7.28,0.088
-1.74e-06,7.28,0.088
-1.72e-06,7.28,0.088
-1.7e-06,7.12,0.096
-1.68e-06,7.2,0.088
-1.66e-06,7.2,0.096
-1.64e-06,7.2,0.096
-1.62e-06,7.2,0.096
-1.6e-06,7.2,0.096
-1.58e-06,7.28,0.096
-1.56e-06,7.28,0.104
-1.54e-06,7.2,0.12
-1.52e-06,7.28,0.112
-1.5e-06,7.12,0.104
-1.48e-06,7.28,0.104
-1.46e-06,7.2,0.112
-1.44e-06,7.28,0.112
-1.42e-06,7.28,0.112
-1.4e-06,7.2,0.112
-1.38e-06,7.28,0.104
-1.36e-06,7.2,0.128
-1.34e-06,7.2,0.112
-1.32e-06,7.2,0.112
-1.3e-06,7.2,0.128
-1.28e-06,7.28,0.12
-1.26e-06,7.2,0.112
-1.24e-06,7.28,0.128
-1.22e-06,7.2,0.12
-1.2e-06,7.2,0.128
-1.18e-06,7.28,0.12
-1.16e-06,7.28,0.128
-1.14e-06,7.28,0.12
-1.12e-06,7.12,0.12
-1.1e-06,7.28,0.12
-1.08e-06,7.2,0.128
-1.06e-06,7.28,0.144
-1.04e-06,7.28,0.136
-1.02e-06,7.2,0.128
-1e-06,7.2,0.136
-9.8e-07,7.2,0.144
-9.6e-07,7.2,0.144
-9.4e-07,7.2,0.144
-9.2e-07,7.12,0.136
-9e-07,7.2,0.136
-8.8e-07,7.28,0.152
-8.6e-07,7.2,0.144
-8.4e-07,7.28,0.144
-8.2e-07,7.28,0.144
-8e-07,7.28,0.144
-7.8e-07,7.28,0.152
-7.6e-07,7.28,0.152
-7.4e-07,7.12,0.16
-7.2e-07,7.2,0.144
-7e-07,7.2,0.16
-6.8e-07,7.2,0.16
-6.6e-07,7.12,0.152
-6.4e-07,7.2,0.16
-6.2e-07,7.2,0.152
-6e-07,7.2,0.152
-5.8e-07,7.2,0.168
-5.6e-07,7.2,0.16
-5.4e-07,7.2,0.168
-5.2e-07,7.2,0.176
-5e-07,7.2,0.168
-4.8e-07,7.12,0.168
-4.6e-07,7.28,0.176
-4.4e-07,7.28,0.168
-4.2e-07,7.28,0.168
-4e-07,7.2,0.168
-3.8e-07,7.28,0.176
-3.6e-07,7.28,0.176
-3.4e-07,7.28,0.176
-3.2e-07,7.28,0.184
-3e-07,7.28,0.192
-2.8e-07,7.2,0.184
-2.6e-07,7.28,0.176
-2.4e-07,7.28,0.192
-2.2e-07,7.2,0.184
-2e-07,7.36,0.192
-1.8e-07,7.12,0.184
-1.6e-07,7.2,0.192
-1.4e-07,7.2,0.2
-1.2e-07,7.28,0.192
-1e-07,7.28,0.192
-8e-08,7.2,0.192
-6e-08,7.2,0.2
-4e-08,7.12,0.192
-2e-08,7.36,0.2
0,7.2,0.2
2e-08,7.12,0.2
4e-08,7.2,0.208
6e-08,7.28,0.2
8e-08,7.2,0.208
1e-07,7.2,0.208
1.2e-07,7.28,0.208
1.4e-07,7.28,0.208
1.6e-07,7.36,0.216
1.8e-07,7.2,0.2
2e-07,7.2,0.216
2.2e-07,7.28,0.216
2.4e-07,7.28,0.216
2.6e-07,7.2,0.216
2.8e-07,7.2,0.232
3e-07,7.12,0.232
3.2e-07,7.2,0.216
3.4e-07,7.12,0.224
3.6e-07,7.28,0.216
3.8e-07,7.12,0.224
4e-07,7.2,0.224
4.2e-07,7.2,0.232
4.4e-07,7.2,0.248
4.6e-07,7.28,0.24
4.8e-07,7.12,0.232
5e-07,7.2,0.224
5.2e-07,7.2,0.224
5.4e-07,7.2,0.24
5.6e-07,7.36,0.232
5.8e-07,7.2,0.232
6e-07,7.2,0.24
6.2e-07,7.12,0.248
6.4e-07,7.2,0.232
6.6e-07,7.28,0.232
6.8e-07,7.2,0.24
7e-07,7.2,0.248
7.2e-07,7.2,0.248
7.4e-07,7.28,0.256
7.6e-07,7.2,0.248
7.8e-07,7.2,0.248
8e-07,7.2,0.256
8.2e-07,7.2,0.248
8.4e-07,7.2,0.248
8.6e-07,7.12,0.256
8.8e-07,7.12,0.256
9e-07,7.2,0.248
9.2e-07,7.28,0.256
9.4e-07,7.28,0.272
9.6e-07,7.2,0.272
9.8e-07,7.28,0.272
1e-06,7.2,0.264
1.02e-06,7.2,0.272
1.04e-06,7.12,0.264
1.06e-06,7.12,0.256
1.08e-06,7.2,0.272
1.1e-06,7.28,0.264
1.12e-06,7.2,0.264
1.14e-06,7.2,0.272
1.16e-06,7.12,0.272
1.18e-06,7.2,0.28
1.2e-06,7.2,0.288
1.22e-06,7.28,0.272
1.24e-06,7.12,0.272
1.26e-06,7.12,0.28
1.28e-06,7.2,0.28
1.3e-06,7.2,0.28
1.32e-06,7.2,0.288
1.34e-06,7.2,0.288
1.36e-06,7.2,0.288
1.38e-06,7.2,0.288
1.4e-06,7.2,0.296
1.42e-06,7.12,0.28
1.44e-06,7.2,0.296
1.46e-06,7.12,0.296
1.48e-06,7.2,0.288
1.5e-06,7.2,0.296
1.52e-06,7.2,0.304
1.54e-06,7.2,0.304
1.56e-06,7.28,0.296
1.58e-06,7.2,0.296
1.6e-06,7.28,0.304
1.62e-06,7.12,0.296
1.64e-06,7.28,0.296
1.66e-06,7.28,0.304
1.68e-06,7.28,0.304
1.7e-06,7.28,0.32
1.72e-06,7.2,0.304
1.74e-06,7.2,0.312
1.76e-06,7.2,0.312
1.78e-06,7.2,0.32
1.8e-06,7.12,0.304
1.82e-06,7.2,0.312
1.84e-06,7.12,0.32
1.86e-06,7.28,0.32
1.88e-06,7.2,0.32
1.9e-06,7.12,0.32
1.92e-06,7.28,0.328
1.94e-06,7.2,0.328
1.96e-06,7.28,0.32
1.98e-06,7.2,0.32
2e-06,7.2,0.32
2.02e-06,7.28,0.32
2.04e-06,7.2,0.328
2.06e-06,7.28,0.328
2.08e-06,7.2,0.328
2.1e-06,7.2,0.328
2.12e-06,7.28,0.336
2.14e-06,7.28,0.336
2.16e-06,7.2,0.328
2.18e-06,7.2,0.336
2.2e-06,7.2,0.344
2.22e-06,7.28,0.336
2.24e-06,7.2,0.344
2.26e-06,7.12,0.344
2.28e-06,7.04,0.336
2.3e-06,7.28,0.344
2.32e-06,7.28,0.352
2.34e-06,7.12,0.344
2.36e-06,7.12,0.352
2.38e-06,7.28,0.344
2.4e-06,7.12,0.352
2.42e-06,7.2,0.36
2.44e-06,7.28,0.36
2.46e-06,7.04,0.352
2.48e-06,7.36,0.352
2.5e-06,7.2,0.36
2.52e-06,7.2,0.368
2.54e-06,7.12,0.36
2.56e-06,7.12,0.352
2.58e-06,7.2,0.36
2.6e-06,7.28,0.368
2.62e-06,7.2,0.36
2.64e-06,7.2,0.36
2.66e-06,7.12,0.36
2.68e-06,7.2,0.376
2.7e-06,7.12,0.36
2.72e-06,7.28,0.376
2.74e-06,7.2,0.376
2.76e-06,7.28,0.376
2.78e-06,7.2,0.384
2.8e-06,7.28,0.376
2.82e-06,7.2,0.376
2.84e-06,7.2,0.384
2.86e-06,7.2,0.376
2.88e-06,7.28,0.376
2.9e-06,7.2,0.376
2.92e-06,7.12,0.384
2.94e-06,7.12,0.392
2.96e-06,7.2,0.384
2.98e-06,7.12,0.384
3e-06,7.2,0.4
3.02e-06,7.12,0.384
3.04e-06,7.12,0.384
3.06e-06,7.2,0.384
3.08e-06,7.2,0.384
3.1e-06,7.2,0.392
3.12e-06,7.2,0.392
3.14e-06,7.2,0.4
3.16e-06,7.2,0.4
3.18e-06,7.28,0.408
3.2e-06,7.28,0.4
3.22e-06,7.12,0.392
3.24e-06,7.12,0.392
3.26e-06,7.28,0.392
3.28e-06,7.2,0.4
3.3e-06,7.12,0.4
3.32e-06,7.2,0.4
3.34e-06,7.2,0.416
3.36e-06,7.2,0.416
3.38e-06,7.28,0.416
3.4e-06,7.28,0.416
3.42e-06,7.28,0.416
3.44e-06,7.2,0.4
3.46e-06,7.12,0.416
3.48e-06,7.12,0.408
3.5e-06,7.12,0.416
3.52e-06,7.2,0.416
3.54e-06,7.2,0.416
3.56e-06,7.2,0.424
3.58e-06,-0.64,0.424
3.6e-06,-5.12,0.384
3.62e-06,-6.16,0.392
3.64e-06,-8.08,0.448
3.66e-06,-6.48,0.384
3.68e-06,-7.44,0.392
3.7e-06,-7.36,0.424
3.72e-06,-6.88,0.392
3.74e-06,-7.52,0.384
3.76e-06,-7.28,0.44
3.78e-06,-7.2,0.384
3.8e-06,-7.44,0.368
3.82e-06,-7.2,0.4
3.84e-06,-7.12,0.384
3.86e-06,-7.28,0.376
3.88e-06,-7.28,0.392
3.9e-06,-7.28,0.384
3.92e-06,-7.2,0.384
3.94e-06,-7.2,0.392
3.96e-06,-7.2,0.384
3.98e-06,-7.12,0.36
4e-06,-7.2,0.384
4.02e-06,-7.2,0.376
4.04e-06,-7.2,0.36
4.06e-06,-7.2,0.376
4.08e-06,-7.2,0.376
4.1e-06,-7.2,0.376
4.12e-06,-7.2,0.376
4.14e-06,-7.28,0.368
4.16e-06,-7.2,0.36
4.18e-06,-7.28,0.368
4.2e-06,-7.28,0.368
4.22e-06,-7.12,0.344
4.24e-06,-7.28,0.352
4.26e-06,-7.12,0.36
4.28e-06,-7.2,0.344
4.3e-06,-7.2,0.352
4.32e-06,-7.28,0.36
4.34e-06,-7.12,0.336
4.36e-06,-7.28,0.352
4.38e-06,-7.2,0.352
4.4e-06,-7.28,0.352
4.42e-06,-7.28,0.352
4.44e-06,-7.28,0.336
4.46e-06,-7.2,0.328
4.48e-06,-7.2,0.344
4.5e-06,-7.28,0.336
4.52e-06,-7.36,0.328
4.54e-06,-7.12,0.328
4.56e-06,-7.2,0.336
4.58e-06,-7.2,0.344
4.6e-06,-7.2,0.328
4.62e-06,-7.28,0.336
4.64e-06,-7.2,0.328
4.66e-06,-7.12,0.328
4.68e-06,-7.12,0.32
4.7e-06,-7.2,0.312
4.72e-06,-7.2,0.32
4.74e-06,-7.28,0.312
4.76e-06,-7.28,0.312
4.78e-06,-7.2,0.32
4.8e-06,-7.2,0.312
4.82e-06,-7.2,0.312
4.84e-06,-7.2,0.312
4.86e-06,-7.36,0.304
4.88e-06,-7.28,0.304
4.9e-06,-7.12,0.304
4.92e-06,-7.2,0.304
4.94e-06,-7.12,0.304
4.96e-06,-7.04,0.296
4.98e-06,-7.12,0.304
5e-06,-7.12,0.304
5.02e-06,-7.28,0.296
5.04e-06,-7.12,0.304
5.06e-06,-7.2,0.288
5.08e-06,-7.2,0.296
5.1e-06,-7.2,0.288
5.12e-06,-7.2,0.296
5.14e-06,-7.2,0.296
5.16e-06,-7.2,0.296
5.18e-06,-7.2,0.288
5.2e-06,-7.12,0.288
5.22e-06,-7.28,0.28
5.24e-06,-7.2,0.288
5.26e-06,-7.2,0.28
5.28e-06,-7.2,0.272
5.3e-06,-7.12,0.264
5.32e-06,-7.2,0.28
5.34e-06,-7.2,0.288
5.36e-06,-7.2,0.28
5.38e-06,-7.12,0.272
5.4e-06,-7.2,0.272
5.42e-06,-7.12,0.272
5.44e-06,-7.2,0.272
5.46e-06,-7.2,0.256
5.48e-06,-7.28,0.264
5.5e-06,-7.2,0.272
5.52e-06,-7.28,0.264
5.54e-06,-7.12,0.256
5.56e-06,-7.12,0.264
5.58e-06,-7.2,0.256
5.6e-06,-7.12,0.264
5.62e-06,-7.12,0.264
5.64e-06,-7.2,0.256
5.66e-06,-7.2,0.256
5.68e-06,-7.2,0.248
5.7e-06,-7.2,0.248
5.72e-06,-7.12,0.248
5.74e-06,-7.04,0.248
5.76e-06,-7.2,0.248
5.78e-06,-7.2,0.24
5.8e-06,-7.2,0.248
5.82e-06,-7.28,0.256
5.84e-06,-7.12,0.24
5.86e-06,-7.12,0.232
5.88e-06,-7.2,0.24
5.9e-06,-7.12,0.232
5.92e-06,-7.2,0.232
5.94e-06,-7.2,0.232
5.96e-06,-7.2,0.224
5.98e-06,-7.2,0.232
6e-06,-7.28,0.232
6.02e-06,-7.2,0.232
6.04e-06,-7.2,0.232
6.06e-06,-7.12,0.232
6.08e-06,-7.2,0.232
6.1e-06,-7.2,0.224
6.12e-06,-7.2,0.216
6.14e-06,-7.2,0.216
6.16e-06,-7.2,0.216
6.18e-06,-7.12,0.208
6.2e-06,-7.12,0.208
6.22e-06,-7.28,0.208
6.24e-06,-7.2,0.216
6.26e-06,-7.2,0.216
6.28e-06,-7.2,0.216
6.3e-06,-7.28,0.208
6.32e-06,-7.2,0.208
6.34e-06,-7.28,0.208
6.36e-06,-7.2,0.192
6.38e-06,-7.28,0.208
6.4e-06,-7.2,0.2
6.42e-06,-7.2,0.2
6.44e-06,-7.2,0.2
6.46e-06,-7.12,0.2
6.48e-06,-7.12,0.2
6.5e-06,-7.2,0.192
6.52e-06,-7.12,0.184
6.54e-06,-7.2,0.184
6.56e-06,-7.2,0.192
6.58e-06,-7.12,0.192
6.6e-06,-7.12,0.184
6.62e-06,-7.12,0.184
6.64e-06,-7.12,0.184
6.66e-06,-7.28,0.184
6.68e-06,-7.2,0.192
6.7e-06,-7.12,0.176
6.72e-06,-7.2,0.168
6.74e-06,-7.2,0.176
6.76e-06,-7.12,0.168
6.78e-06,-7.2,0.176
6.8e-06,-7.2,0.176
6.82e-06,-7.2,0.176
6.84e-06,-7.2,0.176
6.86e-06,-7.12,0.168
6.88e-06,-7.2,0.16
6.9e-06,-7.12,0.168
6.92e-06,-7.2,0.152
6.94e-06,-7.12,0.152
6.96e-06,-7.2,0.168
6.98e-06,-7.2,0.16
7e-06,-7.2,0.16
7.02e-06,-7.2,0.152
7.04e-06,-7.2,0.16
7.06e-06,-7.2,0.152
7.08e-06,-7.2,0.16
7.1e-06,-7.12,0.152
7.12e-06,-7.2,0.144
7.14e-06,-7.12,0.16
7.16e-06,-7.2,0.144
7.18e-06,-7.2,0.136
7.2e-06,-7.2,0.144
7.22e-06,-7.12,0.136
7.24e-06,-7.2,0.152
7.26e-06,-7.2,0.144
7.28e-06,-7.12,0.144
7.3e-06,-7.12,0.144
7.32e-06,-7.2,0.136
7.34e-06,-7.2,0.144
7.36e-06,-7.28,0.128
7.38e-06,-7.12,0.136
7.4e-06,-7.2,0.128
7.42e-06,-7.2,0.128
7.44e-06,-7.2,0.128
7.46e-06,-7.2,0.136
7.48e-06,-7.12,0.12
7.5e-06,-7.2,0.128
7.52e-06,-7.2,0.128
7.54e-06,-7.2,0.12
7.56e-06,-7.28,0.12
7.58e-06,-7.2,0.12
7.6e-06,-7.2,0.12
7.62e-06,-7.28,0.128
7.64e-06,-7.12,0.104
7.66e-06,-7.2,0.096
7.68e-06,-7.2,0.12
7.7e-06,-7.2,0.104
7.72e-06,-7.2,0.104
7.74e-06,-7.2,0.12
7.76e-06,-7.12,0.112
7.78e-06,-7.12,0.096
7.8e-06,-7.2,0.112
7.82e-06,-7.2,0.096
7.84e-06,-7.28,0.088
7.86e-06,-7.28,0.112
7.88e-06,-7.2,0.096
7.9e-06,-7.2,0.096
7.92e-06,-7.2,0.104
7.94e-06,-7.28,0.088
7.96e-06,-7.2,0.08
7.98e-06,-7.28,0.088
8e-06,-7.2,0.088
8.02e-06,-7.12,0.088
8.04e-06,-7.12,0.088
8.06e-06,-7.12,0.088
8.08e-06,-7.12,0.096
8.1e-06,-7.2,0.08
8.12e-06,-7.12,0.08
8.14e-06,-7.28,0.08
8.16e-06,-7.2,0.08
8.18e-06,-7.2,0.064
8.2e-06,-7.28,0.064
8.22e-06,-7.2,0.072
8.24e-06,-7.2,0.08
8.26e-06,-7.2,0.08
8.28e-06,-7.2,0.072
8.3e-06,-7.2,0.072
8.32e-06,-7.28,0.072
8.34e-06,-7.2,0.072
8.36e-06,-7.2,0.056
8.38e-06,-7.2,0.056
8.4e-06,-7.2,0.072
8.42e-06,-7.12,0.048
8.44e-06,-7.28,0.064
8.46e-06,-7.12,0.064
8.48e-06,-7.28,0.056
8.5e-06,-7.2,0.056
8.52e-06,-7.12,0.048
8.54e-06,-7.12,0.056
8.56e-06,-7.2,0.056
8.58e-06,-7.2,0.048
8.6e-06,-7.2,0.04
8.62e-06,-7.12,0.04
8.64e-06,-7.28,0.048
8.66e-06,-7.2,0.056
8.68e-06,-7.2,0.032
8.7e-06,-7.28,0.04
8.72e-06,-7.2,0.04
8.74e-06,-7.2,0.032
8.76e-06,-7.2,0.032
8.78e-06,-7.2,0.04
8.8e-06,-7.2,0.032
8.82e-06,-7.2,0.032
8.84e-06,-7.2,0.032
8.86e-06,-7.2,0.04
8.88e-06,-7.2,0.024
8.9e-06,-7.2,0.032
8.92e-06,-7.12,0.024
8.94e-06,-7.2,0.04
8.96e-06,-7.2,0.016
8.98e-06,-7.2,0.024
9e-06,-7.2,0.032
9.02e-06,-7.12,0.008
9.04e-06,-7.2,0.008
9.06e-06,-7.12,0.016
9.08e-06,-7.12,0.008
9.1e-06,-7.2,0.008
9.12e-06,-7.2,0.016
9.14e-06,-7.2,0.008
9.16e-06,-7.12,0.008
9.18e-06,-7.28,0
9.2e-06,-7.2,0.008
9.22e-06,-7.2,0
9.24e-06,-7.2,0
9.26e-06,-7.12,0.008
9.28e-06,-7.2,0
9.3e-06,-7.2,0.008
9.32e-06,-7.12,0
9.34e-06,-7.28,-0.008
9.36e-06,-7.28,0
9.38e-06,-7.12,-0.008
9.4e-06,-7.2,-0.016
9.42e-06,-7.2,-0.016
9.44e-06,-7.2,-0.008
9.46e-06,-7.12,-0.008
9.48e-06,-7.2,-0.008
9.5e-06,-7.28,-0.008
9.52e-06,-7.12,-0.016
9.54e-06,-7.28,-0.008
9.56e-06,-7.2,-0.008
9.58e-06,-7.2,-0.024
9.6e-06,-7.2,-0.016
9.62e-06,-7.2,-0.008
9.64e-06,-7.12,-0.04
9.66e-06,-7.2,-0.024
9.68e-06,-7.2,-0.024
9.7e-06,-7.2,-0.016
9.72e-06,-7.2,-0.032
9.74e-06,-7.2,-0.024
9.76e-06,-7.2,-0.024
9.78e-06,-7.2,-0.032
9.8e-06,-7.2,-0.024
9.82e-06,-7.28,-0.04
9.84e-06,-7.28,-0.048
9.86e-06,-7.2,-0.04
9.88e-06,-7.2,-0.04
9.9e-06,-7.2,-0.04
9.92e-06,-7.28,-0.032
9.94e-06,-7.12,-0.04
9.96e-06,-7.28,-0.032
9.98e-06,-7.12,-0.04
1e-05,-7.2,-0.04
1.002e-05,-7.28,-0.048
1.004e-05,-7.12,-0.04
1.006e-05,-7.12,-0.048
1.008e-05,-7.2,-0.056
1.01e-05,-7.2,-0.048
1.012e-05,-7.2,-0.056
1.014e-05,-7.2,-0.048
1.016e-05,-7.2,-0.056
1.018e-05,-7.28,-0.056
1.02e-05,-7.12,-0.056
1.022e-05,-7.28,-0.072
1.024e-05,-7.28,-0.056
1.026e-05,-7.28,-0.056
1.028e-05,-7.2,-0.056
1.03e-05,-7.2,-0.064
1.032e-05,-7.12,-0.064
1.034e-05,-7.2,-0.056
1.036e-05,-7.2,-0.064
1.038e-05,-7.2,-0.08
1.04e-05,-7.2,-0.08
1.042e-05,-7.2,-0.08
1.044e-05,-7.12,-0.072
1.046e-05,-7.36,-0.08
1.048e-05,-7.12,-0.08
1.05e-05,-7.28,-0.088
1.052e-05,-7.2,-0.072
1.054e-05,-7.28,-0.072
1.056e-05,-7.28,-0.08
1.058e-05,-7.2,-0.088
1.06e-05,-7.2,-0.08
1.062e-05,-7.2,-0.096
1.064e-05,-7.2,-0.088
1.066e-05,-7.2,-0.096
1.068e-05,-7.28,-0.096
1.07e-05,-7.28,-0.08
1.072e-05,-7.28,-0.096
1.074e-05,-7.2,-0.096
1.076e-05,-7.2,-0.096
1.078e-05,-7.28,-0.104
1.08e-05,-7.2,-0.104
1.082e-05,-7.2,-0.096
1.084e-05,-7.12,-0.104
1.086e-05,-7.2,-0.104
1.088e-05,-7.28,-0.104
1.09e-05,-7.2,-0.104
1.092e-05,-7.12,-0.096
1.094e-05,-7.2,-0.104
1.096e-05,-7.28,-0.104
1.098e-05,-7.2,-0.112
1.1e-05,-7.2,-0.112
1.102e-05,-7.2,-0.112
1.104e-05,-7.2,-0.104
1.106e-05,-7.2,-0.12
1.108e-05,-7.2,-0.12
1.11e-05,-7.28,-0.112
1.112e-05,-7.12,-0.12
1.114e-05,-7.2,-0.128
1.116e-05,-7.28,-0.12
1.118e-05,-7.12,-0.12
1.12e-05,-7.2,-0.128
1.122e-05,-7.2,-0.112
1.124e-05,-7.2,-0.128
1.126e-05,-7.2,-0.136
1.128e-05,-7.2,-0.136
1.13e-05,-7.28,-0.12
1.132e-05,-7.2,-0.136
1.134e-05,-7.12,-0.128
1.136e-05,-7.28,-0.128
1.138e-05,-7.2,-0.136
1.14e-05,-7.28,-0.136
1.142e-05,-7.2,-0.136
1.144e-05,-7.28,-0.136
1.146e-05,-7.28,-0.136
1.148e-05,-7.2,-0.144
1.15e-05,-7.28,-0.128
1.152e-05,-7.2,-0.144
1.154e-05,-7.2,-0.136
1.156e-05,-7.2,-0.144
1.158e-05,-7.2,-0.152
1.16e-05,-7.2,-0.152
1.162e-05,-7.2,-0.144
1.164e-05,-7.2,-0.152
1.166e-05,-7.28,-0.152
1.168e-05,-7.2,-0.144
1.17e-05,-7.2,-0.16
1.172e-05,-7.2,-0.152
1.174e-05,-7.2,-0.16
1.176e-05,-7.2,-0.152
1.178e-05,-7.2,-0.16
1.18e-05,-7.28,-0.16
1.182e-05,-7.28,-0.176
1.184e-05,-7.2,-0.168
1.186e-05,-7.2,-0.176
1.188e-05,-7.28,-0.168
1.19e-05,-7.28,-0.168
1.192e-05,-7.2,-0.168
1.194e-05,-7.28,-0.16
1.196e-05,-7.28,-0.168
1.198e-05,-7.2,-0.168
1.2e-05,-7.2,-0.168
1.202e-05,-7.2,-0.176
1.204e-05,-7.2,-0.176
1.206e-05,-7.2,-0.184
1.208e-05,-7.2,-0.176
1.21e-05,-7.28,-0.184
1.212e-05,-7.2,-0.176
1.214e-05,-7.2,-0.192
1.216e-05,-7.28,-0.184
1.218e-05,-7.2,-0.184
1.22e-05,-7.2,-0.192
1.222e-05,-7.2,-0.184
1.224e-05,-7.28,-0.192
1.226e-05,-7.2,-0.2
1.228e-05,-7.2,-0.192
1.23e-05,-7.2,-0.2
1.232e-05,-7.28,-0.192
1.234e-05,-7.2,-0.192
1.236e-05,-7.28,-0.192
1.238e-05,-7.2,-0.192
1.24e-05,-7.12,-0.2
1.242e-05,-7.28,-0.192
1.244e-05,-7.28,-0.2
1.246e-05,-7.2,-0.2
1.248e-05,-7.2,-0.208
1.25e-05,-7.2,-0.2
1.252e-05,-7.28,-0.208
1.254e-05,-7.12,-0.208
1.256e-05,-7.2,-0.216
1.258e-05,-7.28,-0.208
1.26e-05,-7.28,-0.216
1.262e-05,-7.2,-0.208
1.264e-05,-7.28,-0.208
1.266e-05,-7.2,-0.216
1.268e-05,-7.28,-0.208
1.27e-05,-7.28,-0.208
1.272e-05,-7.28,-0.224
1.274e-05,-7.28,-0.224
1.276e-05,-7.28,-0.224
1.278e-05,-7.28,-0.224
1.28e-05,-7.28,-0.224
1.282e-05,-7.2,-0.224
1.284e-05,-7.2,-0.224
1.286e-05,-7.28,-0.224
1.288e-05,-7.12,-0.232
1.29e-05,-7.12,-0.224
1.292e-05,-7.2,-0.232
1.294e-05,-7.2,-0.24
1.296e-05,-7.28,-0.232
1.298e-05,-7.28,-0.24
1.3e-05,-7.2,-0.232
1.302e-05,-7.2,-0.24
1.304e-05,-7.2,-0.24
1.306e-05,-7.2,-0.24
1.308e-05,-7.2,-0.232
1.31e-05,-7.2,-0.24
1.312e-05,-7.2,-0.24
1.314e-05,-7.28,-0.248
1.316e-05,-7.2,-0.248
1.318e-05,-7.2,-0.24
1.32e-05,-7.28,-0.24
1.322e-05,-7.2,-0.248
1.324e-05,-7.2,-0.248
1.326e-05,-7.2,-0.264
1.328e-05,-7.28,-0.248
1.33e-05,-7.28,-0.256
1.332e-05,-7.28,-0.256
1.334e-05,-7.28,-0.264
1.336e-05,-7.12,-0.256
1.338e-05,-7.28,-0.256
1.34e-05,-7.2,-0.248
1.342e-05,-7.28,-0.264
1.344e-05,-7.2,-0.248
1.346e-05,-7.28,-0.272
1.348e-05,-7.28,-0.272
1.35e-05,-7.28,-0.272
1.352e-05,-7.2,-0.272
1.354e-05,-7.28,-0.264
1.356e-05,-7.2,-0.272
1.358e-05,-7.2,-0.28
1.36e-05,-7.28,-0.28
1.362e-05,-7.2,-0.288
1.364e-05,-7.28,-0.288
1.366e-05,-7.2,-0.272
1.368e-05,-7.2,-0.28
1.37e-05,-7.2,-0.28
1.372e-05,-7.28,-0.28
1.374e-05,-7.2,-0.288
1.376e-05,-7.28,-0.288
1.378e-05,-7.28,-0.28
1.38e-05,-7.28,-0.296
1.382e-05,-7.12,-0.28
1.384e-05,-7.2,-0.296
1.386e-05,-7.2,-0.288
1.388e-05,-7.28,-0.296
1.39e-05,-7.28,-0.288
1.392e-05,-7.28,-0.296
1.394e-05,-7.28,-0.296
1.396e-05,-7.28,-0.288
1.398e-05,-7.28,-0.296
1.4e-05,-7.28,-0.296
1.402e-05,-7.12,-0.296
1.404e-05,-7.28,-0.312
1.406e-05,-7.2,-0.312
1.408e-05,-7.28,-0.312
1.41e-05,-7.28,-0.312
1.412e-05,-7.28,-0.304
1.414e-05,-7.28,-0.304
1.416e-05,-7.28,-0.304
1.418e-05,-7.2,-0.304
1.42e-05,-7.2,-0.312
1.422e-05,-7.28,-0.312
1.424e-05,-7.28,-0.32
1.426e-05,-7.28,-0.312
1.428e-05,-7.28,-0.32
1.43e-05,-7.28,-0.296
1.432e-05,-7.28,-0.32
1.434e-05,-7.2,-0.32
1.436e-05,-7.28,-0.32
1.438e-05,-7.28,-0.336
1.44e-05,-7.28,-0.312
1.442e-05,-7.36,-0.32
1.444e-05,-7.2,-0.328
1.446e-05,-7.28,-0.328
1.448e-05,-7.28,-0.32
1.45e-05,-7.28,-0.336
1.452e-05,-7.2,-0.344
1.454e-05,-7.2,-0.336
1.456e-05,-7.28,-0.336
1.458e-05,-7.2,-0.344
1.46e-05,-7.28,-0.32
1.462e-05,-7.28,-0.336
1.464e-05,-7.28,-0.336
1.466e-05,-7.28,-0.328
1.468e-05,-7.28,-0.336
1.47e-05,-7.2,-0.336
1.472e-05,-7.2,-0.352
1.474e-05,-7.28,-0.352
1.476e-05,-7.28,-0.344
1.478e-05,-7.2,-0.352
1.48e-05,-7.28,-0.344
1.482e-05,-7.28,-0.344
1.484e-05,-7.28,-0.344
1.486e-05,-7.36,-0.352
1.488e-05,-7.2,-0.352
1.49e-05,-7.28,-0.352
1.492e-05,-7.2,-0.36
1.494e-05,-7.28,-0.352
1.496e-05,-7.2,-0.36
1.498e-05,-7.28,-0.376
1.5e-05,-7.2,-0.352
1.502e-05,-7.28,-0.36
1.504e-05,-7.28,-0.36
1.506e-05,-7.28,-0.352
1.508e-05,-7.2,-0.376
1.51e-05,-7.28,-0.368
1.512e-05,-7.36,-0.368
1.514e-05,-7.2,-0.368
1.516e-05,-7.28,-0.376
1.518e-05,-7.28,-0.368
1.52e-05,-7.2,-0.376
1.522e-05,-7.28,-0.368
1.524e-05,-7.28,-0.368
1.526e-05,-7.2,-0.368
1.528e-05,-7.28,-0.376
1.53e-05,-7.2,-0.384
1.532e-05,-7.2,-0.384
1.534e-05,-7.2,-0.384
1.536e-05,-7.28,-0.384
1.538e-05,-7.28,-0.392
1.54e-05,-7.2,-0.376
1.542e-05,-7.36,-0.368
1.544e-05,-7.2,-0.392
1.546e-05,-7.28,-0.384
1.548e-05,-7.36,-0.392
1.55e-05,-7.2,-0.392
1.552e-05,-7.2,-0.384
1.554e-05,-7.36,-0.392
1.556e-05,-7.28,-0.4
1.558e-05,-7.28,-0.392
1.56e-05,-7.2,-0.392
1.562e-05,-7.28,-0.4
1.564e-05,-7.28,-0.384
1.566e-05,-7.28,-0.4
1.568e-05,-7.28,-0.408
1.57e-05,-7.2,-0.4
1.572e-05,-7.28,-0.408
1.574e-05,-7.28,-0.408
1.576e-05,-7.28,-0.4
1.578e-05,-7.28,-0.4
1.58e-05,-7.2,-0.408
1.582e-05,-7.28,-0.408
1.584e-05,-7.28,-0.416
1.586e-05,-7.28,-0.416
1.588e-05,-7.28,-0.4
1.59e-05,-7.28,-0.408
1.592e-05,-7.28,-0.416
1.594e-05,-7.2,-0.408
1.596e-05,-7.28,-0.424
1.598e-05,-7.28,-0.424
1.6e-05,-7.12,-0.416
1.602e-05,-7.28,-0.424
1.604e-05,-7.2,-0.424
1.606e-05,-7.2,-0.416
1.608e-05,-7.2,-0.432
1.61e-05,0.32,-0.432
1.612e-05,4.88,-0.384
1.614e-05,6.32,-0.408
1.616e-05,8.24,-0.448
1.618e-05,6.64,-0.392
1.62e-05,7.36,-0.4
1.622e-05,7.52,-0.432
1.624e-05,6.96,-0.384
1.626e-05,7.52,-0.392
1.628e-05,7.2,-0.408
1.63e-05,7.12,-0.392
1.632e-05,7.36,-0.392
1.634e-05,7.2,-0.416
1.636e-05,7.2,-0.384
1.638e-05,7.28,-0.376
1.64e-05,7.28,-0.408
1.642e-05,7.12,-0.384
1.644e-05,7.2,-0.384
1.646e-05,7.2,-0.392
1.648e-05,7.28,-0.376
1.65e-05,7.2,-0.376
1.652e-05,7.12,-0.392
1.654e-05,7.28,-0.368
1.656e-05,7.2,-0.368
1.658e-05,7.28,-0.376
1.66e-05,7.28,-0.376
1.662e-05,7.2,-0.36
1.664e-05,7.2,-0.376
1.666e-05,7.12,-0.36
1.668e-05,7.2,-0.36
1.67e-05,7.2,-0.368
1.672e-05,7.28,-0.368
1.674e-05,7.2,-0.36
1.676e-05,7.28,-0.376
1.678e-05,7.2,-0.368
1.68e-05,7.2,-0.344
1.682e-05,7.2,-0.352
1.684e-05,7.28,-0.36
1.686e-05,7.28,-0.336
1.688e-05,7.2,-0.344
1.69e-05,7.2,-0.36
1.692e-05,7.12,-0.344
1.694e-05,7.2,-0.36
1.696e-05,7.28,-0.352
1.698e-05,7.2,-0.336
1.7e-05,7.2,-0.344
1.702e-05,7.12,-0.344
1.704e-05,7.2,-0.328
1.706e-05,7.28,-0.336
1.708e-05,7.2,-0.336
1.71e-05,7.12,-0.328
1.712e-05,7.2,-0.328
1.714e-05,7.2,-0.344
1.716e-05,7.2,-0.328
1.718e-05,7.2,-0.336
1.72e-05,7.12,-0.336
1.722e-05,7.12,-0.32
1.724e-05,7.12,-0.304
1.726e-05,7.12,-0.328
1.728e-05,7.12,-0.312
1.73e-05,7.2,-0.32
1.732e-05,7.28,-0.328
1.734e-05,7.2,-0.32
1.736e-05,7.28,-0.312
1.738e-05,7.28,-0.312
1.74e-05,7.2,-0.304
1.742e-05,7.2,-0.312
1.744e-05,7.2,-0.32
1.746e-05,7.2,-0.312
1.748e-05,7.28,-0.304
1.75e-05,7.2,-0.296
1.752e-05,7.28,-0.312
1.754e-05,7.12,-0.312
1.756e-05,7.12,-0.304
1.758e-05,7.12,-0.304
1.76e-05,7.2,-0.304
1.762e-05,7.2,-0.296
1.764e-05,7.12,-0.296
1.766e-05,7.12,-0.304
1.768e-05,7.2,-0.296
1.77e-05,7.2,-0.288
1.772e-05,7.2,-0.296
1.774e-05,7.2,-0.288
1.776e-05,7.12,-0.288
1.778e-05,7.12,-0.288
1.78e-05,7.2,-0.288
1.782e-05,7.2,-0.28
1.784e-05,7.2,-0.28
1.786e-05,7.12,-0.288
1.788e-05,7.2,-0.28
1.79e-05,7.12,-0.272
1.792e-05,7.12,-0.28
1.794e-05,7.28,-0.272
1.796e-05,7.2,-0.28
1.798e-05,7.28,-0.28
1.8e-05,7.2,-0.272
1.802e-05,7.2,-0.28
1.804e-05,7.2,-0.272
1.806e-05,7.2,-0.264
1.808e-05,7.12,-0.256
1.81e-05,7.28,-0.264
1.812e-05,7.04,-0.256
1.814e-05,7.2,-0.264
1.816e-05,7.2,-0.256
1.818e-05,7.2,-0.264
1.82e-05,7.12,-0.264
1.822e-05,7.2,-0.256
1.824e-05,7.12,-0.256
1.826e-05,7.12,-0.24
1.828e-05,7.2,-0.248
1.83e-05,7.12,-0.24
1.832e-05,7.28,-0.232
1.834e-05,7.12,-0.24
1.836e-05,7.2,-0.24
1.838e-05,7.28,-0.256
1.84e-05,7.12,-0.248
1.842e-05,7.28,-0.248
1.844e-05,7.12,-0.24
1.846e-05,7.12,-0.232
1.848e-05,7.2,-0.24
1.85e-05,7.12,-0.232
1.852e-05,7.2,-0.224
1.854e-05,7.12,-0.232
1.856e-05,7.28,-0.232
1.858e-05,7.12,-0.232
1.86e-05,7.12,-0.224
1.862e-05,7.2,-0.216
1.864e-05,7.12,-0.224
1.866e-05,7.12,-0.216
1.868e-05,7.12,-0.224
1.87e-05,7.12,-0.224
1.872e-05,7.2,-0.224
1.874e-05,7.12,-0.224
1.876e-05,7.2,-0.216
1.878e-05,7.2,-0.224
1.88e-05,7.12,-0.216
1.882e-05,7.12,-0.216
1.884e-05,7.12,-0.2
1.886e-05,7.12,-0.208
1.888e-05,7.2,-0.208
1.89e-05,7.2,-0.208
1.892e-05,7.2,-0.208
1.894e-05,7.2,-0.2
1.896e-05,7.2,-0.2
1.898e-05,7.2,-0.208
1.9e-05,7.12,-0.2
1.902e-05,7.2,-0.192
1.904e-05,7.28,-0.192
1.906e-05,7.04,-0.192
1.908e-05,7.2,-0.192
1.91e-05,7.2,-0.2
1.912e-05,7.12,-0.184
1.914e-05,7.04,-0.192
1.916e-05,7.12,-0.184
1.918e-05,7.2,-0.2
1.92e-05,7.04,-0.184
1.922e-05,7.2,-0.176
1.924e-05,7.28,-0.176
1.926e-05,7.2,-0.184
1.928e-05,7.2,-0.176
1.93e-05,7.12,-0.184
1.932e-05,7.2,-0.184
1.934e-05,7.2,-0.16
1.936e-05,7.2,-0.168
1.938e-05,7.2,-0.176
1.94e-05,7.2,-0.176
1.942e-05,7.28,-0.176
1.944e-05,7.12,-0.184
1.946e-05,7.28,-0.176
1.948e-05,7.2,-0.168
1.95e-05,7.2,-0.168
1.952e-05,7.2,-0.16
1.954e-05,7.12,-0.16
1.956e-05,7.2,-0.152
1.958e-05,7.2,-0.168
1.96e-05,7.12,-0.152
1.962e-05,7.2,-0.176
1.964e-05,7.2,-0.16
1.966e-05,7.12,-0.168
1.968e-05,7.28,-0.168
1.97e-05,7.2,-0.152
1.972e-05,7.12,-0.152
1.974e-05,7.12,-0.144
1.976e-05,7.12,-0.144
1.978e-05,7.28,-0.144
1.98e-05,7.12,-0.144
1.982e-05,7.2,-0.144
1.984e-05,7.2,-0.144
1.986e-05,7.2,-0.136
1.988e-05,7.2,-0.136
1.99e-05,7.2,-0.128
1.992e-05,7.2,-0.136
1.994e-05,7.12,-0.128
1.996e-05,7.28,-0.128
1.998e-05,7.2,-0.136
2e-05,7.12,-0.128
2.002e-05,7.2,-0.144
2.004e-05,7.2,-0.144
2.006e-05,7.12,-0.128
2.008e-05,7.2,-0.12
2.01e-05,7.12,-0.12
2.012e-05,7.2,-0.12
2.014e-05,7.2,-0.112
2.016e-05,7.2,-0.12
2.018e-05,7.12,-0.12
2.02e-05,7.2,-0.112
2.022e-05,7.2,-0.12
2.024e-05,7.12,-0.104
2.026e-05,7.2,-0.112
2.028e-05,7.12,-0.112
2.03e-05,7.12,-0.104
2.032e-05,7.2,-0.112
2.034e-05,7.2,-0.104
2.036e-05,7.2,-0.104
2.038e-05,7.12,-0.112
2.04e-05,7.12,-0.104
2.042e-05,7.12,-0.096
2.044e-05,7.12,-0.104
2.046e-05,7.28,-0.104
2.048e-05,7.2,-0.096
2.05e-05,7.12,-0.08
2.052e-05,7.12,-0.096
2.054e-05,7.2,-0.08
2.056e-05,7.04,-0.096
2.058e-05,7.04,-0.088
2.06e-05,7.2,-0.096
2.062e-05,7.04,-0.088
2.064e-05,7.2,-0.088
2.066e-05,7.2,-0.08
2.068e-05,7.2,-0.088
2.07e-05,7.2,-0.088
2.072e-05,7.2,-0.072
2.074e-05,7.2,-0.088
2.076e-05,7.2,-0.072
2.078e-05,7.2,-0.072
2.08e-05,7.12,-0.08
2.082e-05,7.2,-0.072
2.084e-05,7.12,-0.072
2.086e-05,7.12,-0.072
2.088e-05,7.2,-0.08
2.09e-05,7.2,-0.072
2.092e-05,7.2,-0.072
2.094e-05,7.12,-0.064
2.096e-05,7.12,-0.064
2.098e-05,7.28,-0.064
2.1e-05,7.2,-0.056
2.102e-05,7.28,-0.056
2.104e-05,7.12,-0.056
2.106e-05,7.12,-0.072
2.108e-05,7.2,-0.072
2.11e-05,7.2,-0.064
2.112e-05,7.12,-0.056
2.114e-05,7.2,-0.056
2.116e-05,7.2,-0.064
2.118e-05,7.2,-0.048
2.12e-05,7.2,-0.04
2.122e-05,7.12,-0.048
2.124e-05,7.2,-0.048
2.126e-05,7.12,-0.056
2.128e-05,7.2,-0.04
2.13e-05,7.2,-0.04
2.132e-05,7.12,-0.032
2.134e-05,7.2,-0.04
2.136e-05,7.12,-0.04
2.138e-05,7.2,-0.032
2.14e-05,7.2,-0.032
2.142e-05,7.12,-0.04
2.144e-05,7.28,-0.032
2.146e-05,7.12,-0.032
2.148e-05,7.2,-0.032
2.15e-05,7.2,-0.032
2.152e-05,7.2,-0.024
2.154e-05,7.04,-0.016
2.156e-05,7.2,-0.024
2.158e-05,7.12,-0.008
2.16e-05,7.12,-0.024
2.162e-05,7.2,-0.016
2.164e-05,7.12,-0.024
2.166e-05,7.2,-0.032
2.168e-05,7.2,-0.024
2.17e-05,7.04,-0.024
2.172e-05,7.12,-0.016
2.174e-05,7.2,-0.008
2.176e-05,7.2,0
2.178e-05,7.12,0
2.18e-05,7.2,0
2.182e-05,7.12,-0.016
2.184e-05,7.2,-0.016
2.186e-05,7.2,-0.008
2.188e-05,7.2,0
2.19e-05,7.2,0
2.192e-05,7.2,0
2.194e-05,7.2,0.008
2.196e-05,7.12,0.008
2.198e-05,7.12,0
2.2e-05,7.2,0
2.202e-05,7.2,0
2.204e-05,7.2,0.008
2.206e-05,7.12,0.016
2.208e-05,7.12,0.008
2.21e-05,7.2,0.008
2.212e-05,7.12,0.016
2.214e-05,7.2,0.016
2.216e-05,7.2,0.016
2.218e-05,7.2,0.016
2.22e-05,7.12,0.024
2.222e-05,7.12,0.024
2.224e-05,7.28,0.016
2.226e-05,7.12,0.024
2.228e-05,7.2,0.016
2.23e-05,7.28,0.016
2.232e-05,7.28,0.024
2.234e-05,7.28,0.032
2.236e-05,7.04,0.032
2.238e-05,7.12,0.024
2.24e-05,7.2,0.032
2.242e-05,7.2,0.024
2.244e-05,7.2,0.032
2.246e-05,7.2,0.04
2.248e-05,7.2,0.032
2.25e-05,7.2,0.04
2.252e-05,7.28,0.048
2.254e-05,7.2,0.048
2.256e-05,7.2,0.032
2.258e-05,7.2,0.04
2.26e-05,7.28,0.048
2.262e-05,7.12,0.048
2.264e-05,7.2,0.04
2.266e-05,7.2,0.048
2.268e-05,7.2,0.04
2.27e-05,7.2,0.048
2.272e-05,7.2,0.056
2.274e-05,7.12,0.056
2.276e-05,7.12,0.056
2.278e-05,7.2,0.064
2.28e-05,7.12,0.064
2.282e-05,7.12,0.064
2.284e-05,7.12,0.064
2.286e-05,7.12,0.064
2.288e-05,7.2,0.064
2.29e-05,7.28,0.064
2.292e-05,7.2,0.056
2.294e-05,7.2,0.064
2.296e-05,7.2,0.072
2.298e-05,7.2,0.072
2.3e-05,7.2,0.08
2.302e-05,7.2,0.088
2.304e-05,7.12,0.08
2.306e-05,7.2,0.072
2.308e-05,7.28,0.088
2.31e-05,7.2,0.072
2.312e-05,7.12,0.08
2.314e-05,7.2,0.072
2.316e-05,7.2,0.08
2.318e-05,7.12,0.104
2.32e-05,7.28,0.096
2.322e-05,7.2,0.08
2.324e-05,7.12,0.08
2.326e-05,7.2,0.088
2.328e-05,7.12,0.088
2.33e-05,7.2,0.088
2.332e-05,7.12,0.088
2.334e-05,7.28,0.096
2.336e-05,7.2,0.096
2.338e-05,7.28,0.104
2.34e-05,7.2,0.096
2.342e-05,7.2,0.104
2.344e-05,7.2,0.12
2.346e-05,7.2,0.088
2.348e-05,7.12,0.104
2.35e-05,7.12,0.104
2.352e-05,7.2,0.104
2.354e-05,7.28,0.112
2.356e-05,7.2,0.112
2.358e-05,7.12,0.096
2.36e-05,7.2,0.112
2.362e-05,7.2,0.112
2.364e-05,7.12,0.112
2.366e-05,7.28,0.12
2.368e-05,7.2,0.12
2.37e-05,7.2,0.12
2.372e-05,7.2,0.12
2.374e-05,7.2,0.12
2.376e-05,7.28,0.12
2.378e-05,7.2,0.136
2.38e-05,7.2,0.128
2.382e-05,7.2,0.128
2.384e-05,7.2,0.12
2.386e-05,7.2,0.128
2.388e-05,7.2,0.12
2.39e-05,7.2,0.136
2.392e-05,7.28,0.128
2.394e-05,7.2,0.128
2.396e-05,7.2,0.136
2.398e-05,7.2,0.136
2.4e-05,7.2,0.144
2.402e-05,7.28,0.136
2.404e-05,7.2,0.128
2.406e-05,7.2,0.128
2.408e-05,7.2,0.136
2.41e-05,7.2,0.152
2.412e-05,7.12,0.144
2.414e-05,7.12,0.136
2.416e-05,7.28,0.144
2.418e-05,7.28,0.144
2.42e-05,7.2,0.152
2.422e-05,7.28,0.152
2.424e-05,7.12,0.152
2.426e-05,7.2,0.152
2.428e-05,7.2,0.168
2.43e-05,7.28,0.168
2.432e-05,7.28,0.152
2.434e-05,7.12,0.152
2.436e-05,7.2,0.16
2.438e-05,7.2,0.176
2.44e-05,7.2,0.16
2.442e-05,7.2,0.168
2.444e-05,7.2,0.168
2.446e-05,7.2,0.168
2.448e-05,7.2,0.176
2.45e-05,7.28,0.184
2.452e-05,7.2,0.16
2.454e-05,7.12,0.168
2.456e-05,7.28,0.168
2.458e-05,7.2,0.176
2.46e-05,7.12,0.176
2.462e-05,7.2,0.168
2.464e-05,7.2,0.176
2.466e-05,7.2,0.176
2.468e-05,7.2,0.184
2.47e-05,7.28,0.184
2.472e-05,7.2,0.184
2.474e-05,7.2,0.184
2.476e-05,7.2,0.184
2.478e-05,7.2,0.184
2.48e-05,7.12,0.184
2.482e-05,7.2,0.192
2.484e-05,7.12,0.192
2.486e-05,7.2,0.184
2.488e-05,7.28,0.192
2.49e-05,7.28,0.192
2.492e-05,7.2,0.2
2.494e-05,7.12,0.192
2.496e-05,7.28,0.2
2.498e-05,7.2,0.2
2.5e-05,7.2,0.2
2.502e-05,7.2,0.208
2.504e-05,7.28,0.216
2.506e-05,7.2,0.208
2.508e-05,7.12,0.208
2.51e-05,7.2,0.208
2.512e-05,7.28,0.2
2.514e-05,7.2,0.2
2.516e-05,7.12,0.224
2.518e-05,7.2,0.208
2.52e-05,7.2,0.216
2.522e-05,7.12,0.216
2.524e-05,7.2,0.224
2.526e-05,7.2,0.216
2.528e-05,7.2,0.224
2.53e-05,7.2,0.216
2.532e-05,7.2,0.216
2.534e-05,7.2,0.232
2.536e-05,7.28,0.216
2.538e-05,7.12,0.224
2.54e-05,7.28,0.224
2.542e-05,7.2,0.24
2.544e-05,7.28,0.224
2.546e-05,7.2,0.232
2.548e-05,7.12,0.224
2.55e-05,7.2,0.224
2.552e-05,7.28,0.224
2.554e-05,7.2,0.232
2.556e-05,7.2,0.232
2.558e-05,7.2,0.24
2.56e-05,7.2,0.24
2.562e-05,7.2,0.24
2.564e-05,7.2,0.24
2.566e-05,7.12,0.248
2.568e-05,7.28,0.256
2.57e-05,7.2,0.256
2.572e-05,7.2,0.256
2.574e-05,7.12,0.256
2.576e-05,7.28,0.248
2.578e-05,7.12,0.248
2.58e-05,7.28,0.24
2.582e-05,7.2,0.248
2.584e-05,7.2,0.256
2.586e-05,7.2,0.256
2.588e-05,7.28,0.264
2.59e-05,7.28,0.256
2.592e-05,7.2,0.264
2.594e-05,7.2,0.256
2.596e-05,7.2,0.256
2.598e-05,7.28,0.264
2.6e-05,7.2,0.264
2.602e-05,7.2,0.264
2.604e-05,7.2,0.272
2.606e-05,7.2,0.272
2.608e-05,7.2,0.288
2.61e-05,7.2,0.272
2.612e-05,7.12,0.272
2.614e-05,7.12,0.264
2.616e-05,7.2,0.28
2.618e-05,7.2,0.288
2.62e-05,7.2,0.28
2.622e-05,7.04,0.272
2.624e-05,7.2,0.28
2.626e-05,7.2,0.28
2.628e-05,7.2,0.288
2.63e-05,7.28,0.288
2.632e-05,7.2,0.28
2.634e-05,7.12,0.288
2.636e-05,7.2,0.288
2.638e-05,7.2,0.288
2.64e-05,7.28,0.28
2.642e-05,7.12,0.28
2.644e-05,7.12,0.296
2.646e-05,7.2,0.288
2.648e-05,7.36,0.304
2.65e-05,7.2,0.296
2.652e-05,7.2,0.288
2.654e-05,7.2,0.304
2.656e-05,7.12,0.288
2.658e-05,7.2,0.288
2.66e-05,7.12,0.288
2.662e-05,7.2,0.296
2.664e-05,7.2,0.304
2.666e-05,7.2,0.304
2.668e-05,7.2,0.312
2.67e-05,7.2,0.312
2.672e-05,7.2,0.32
2.674e-05,7.2,0.312
2.676e-05,7.2,0.312
2.678e-05,7.28,0.312
2.68e-05,7.2,0.312
2.682e-05,7.2,0.32
2.684e-05,7.28,0.312
2.686e-05,7.28,0.304
2.688e-05,7.2,0.32
2.69e-05,7.28,0.328
2.692e-05,7.28,0.328
2.694e-05,7.2,0.328
2.696e-05,7.36,0.328
2.698e-05,7.2,0.328
2.7e-05,7.2,0.328
2.702e-05,7.2,0.328
2.704e-05,7.28,0.32
2.706e-05,7.2,0.328
2.708e-05,7.2,0.336
2.71e-05,7.2,0.328
2.712e-05,7.2,0.336
2.714e-05,7.2,0.344
2.716e-05,7.2,0.336
2.718e-05,7.2,0.336
2.72e-05,7.12,0.336
2.722e-05,7.2,0.336
2.724e-05,7.2,0.344
2.726e-05,7.2,0.344
2.728e-05,7.2,0.352
2.73e-05,7.2,0.352
2.732e-05,7.28,0.352
2.734e-05,7.28,0.352
2.736e-05,7.2,0.352
2.738e-05,7.28,0.352
2.74e-05,7.28,0.36
2.742e-05,7.2,0.352
2.744e-05,7.2,0.344
2.746e-05,7.2,0.352
2.748e-05,7.2,0.352
2.75e-05,7.28,0.352
2.752e-05,7.2,0.368
2.754e-05,7.2,0.352
2.756e-05,7.2,0.352
2.758e-05,7.12,0.36
2.76e-05,7.28,0.36
2.762e-05,7.2,0.36
2.764e-05,7.12,0.36
2.766e-05,7.2,0.368
2.768e-05,7.2,0.368
2.77e-05,7.28,0.368
2.772e-05,7.2,0.376
2.774e-05,7.2,0.368
2.776e-05,7.2,0.376
2.778e-05,7.2,0.368
2.78e-05,7.28,0.368
2.782e-05,7.12,0.376
2.784e-05,7.2,0.368
2.786e-05,7.2,0.376
2.788e-05,7.28,0.376
2.79e-05,7.12,0.376
2.792e-05,7.2,0.384
2.794e-05,7.2,0.384
2.796e-05,7.12,0.392
2.798e-05,7.12,0.384
2.8e-05,7.12,0.384
2.802e-05,7.12,0.376
2.804e-05,7.2,0.368
2.806e-05,7.2,0.392
2.808e-05,7.2,0.392
2.81e-05,7.04,0.392
2.812e-05,7.2,0.392
2.814e-05,7.12,0.392
2.816e-05,7.2,0.416
2.818e-05,7.28,0.4
2.82e-05,7.12,0.392
2.822e-05,7.28,0.4
2.824e-05,7.2,0.4
2.826e-05,7.2,0.408
2.828e-05,7.2,0.416
2.83e-05,7.12,0.408
2.832e-05,7.28,0.416
2.834e-05,7.12,0.416
2.836e-05,7.2,0.408
2.838e-05,7.2,0.416
