-0.25,0.004,-0.002
-0.2498,0.004,0
-0.2496,0.008,0
-0.2494,0.008,0
-0.2492,0.004,0
-0.249,0.004,0
-0.2488,0.004,0
-0.2486,0.008,0
-0.2484,0.008,0
-0.2482,0.004,0.002
-0.248,0.008,0
-0.2478,0.008,-0.002
-0.2476,0.008,0
-0.2474,0.004,0
-0.2472,0.004,0
-0.247,0.004,0
-0.2468,0.008,0
-0.2466,0.004,-0.002
-0.2464,0.008,0
-0.2462,0.008,0
-0.246,0.008,0
-0.2458,0.004,0
-0.2456,0,0
-0.2454,0.008,0
-0.2452,0,0
-0.245,0.004,0
-0.2448,0,0
-0.2446,0.004,-0.002
-0.2444,0.008,0
-0.2442,0.008,0
-0.244,0.008,-0.002
-0.2438,0.008,0
-0.2436,0.008,0
-0.2434,0.008,0.002
-0.2432,0.004,0
-0.243,0.008,0
-0.2428,0.008,0
-0.2426,0.008,0
-0.2424,0.008,0
-0.2422,0.008,0
-0.242,0.008,0
-0.2418,0.008,0
-0.2416,0.004,0
-0.2414,0.008,-0.002
-0.2412,0,0
-0.241,0.008,0
-0.2408,0.008,0
-0.2406,0.008,0
-0.2404,0.008,-0.002
-0.2402,0.008,0
-0.24,0.008,0
-0.2398,0.008,0
-0.2396,0.004,0
-0.2394,0.008,0
-0.2392,0.008,-0.002
-0.239,0.008,0
-0.2388,0.008,0.002
-0.2386,0.008,0
-0.2384,0.012,0
-0.2382,0.02,0
-0.238,0.008,0
-0.2378,0.016,0
-0.2376,0.016,0
-0.2374,0.004,0
-0.2372,0.008,0
-0.237,0.012,0
-0.2368,0.004,0
-0.2366,0.016,0
-0.2364,0.008,0
-0.2362,0.004,0
-0.236,0.008,0
-0.2358,0.008,-0.002
-0.2356,0.004,0
-0.2354,0.008,0
-0.2352,0.008,0
-0.235,0.016,0.002
-0.2348,0.008,0
-0.2346,0.012,0
-0.2344,0.012,0.002
-0.2342,0.012,0
-0.234,0.008,0
-0.2338,0.012,0
-0.2336,0.008,0
-0.2334,0.008,0
-0.2332,0.008,0
-0.233,0.008,0
-0.2328,0.012,0
-0.2326,0.008,0.002
-0.2324,0.008,0
-0.2322,0.012,-0.002
-0.232,0.012,0
-0.2318,0.008,0
-0.2316,0.008,-0.002
-0.2314,0.008,0
-0.2312,0.012,0
-0.231,0.008,0
-0.2308,0.012,0
-0.2306,0.016,0
-0.2304,0.012,0
-0.2302,0.012,0
-0.23,0.012,-0.002
-0.2298,0.012,-0.002
-0.2296,0.012,0
-0.2294,0.012,-0.002
-0.2292,0.008,0
-0.229,0.012,-0.002
-0.2288,0.008,0
-0.2286,0.012,0
-0.2284,0.012,0
-0.2282,0.016,0
-0.228,0.004,0
-0.2278,0.008,0
-0.2276,0.012,0
-0.2274,0.012,0
-0.2272,0.004,0
-0.227,0.008,-0.002
-0.2268,0.012,0
-0.2266,0.012,0
-0.2264,0.008,0
-0.2262,0.008,0
-0.226,0.016,0
-0.2258,0.008,0
-0.2256,0.008,0
-0.2254,0.008,0
-0.2252,0.012,0
-0.225,0.012,0
-0.2248,0.012,0
-0.2246,0.012,0
-0.2244,0.012,0
-0.2242,0.016,0
-0.224,0.012,0
-0.2238,0.008,0
-0.2236,0.016,0
-0.2234,0.012,0
-0.2232,0.008,0.002
-0.223,0.012,0
-0.2228,0.012,0
-0.2226,0.012,0
-0.2224,0.016,0
-0.2222,0.008,0
-0.222,0.012,0
-0.2218,0.012,0
-0.2216,0.016,0
-0.2214,0.016,0
-0.2212,0.008,0
-0.221,0.016,0
-0.2208,0.012,0
-0.2206,0.012,0
-0.2204,0.008,0
-0.2202,0.012,0
-0.22,0.016,0
-0.2198,0.016,0
-0.2196,0.016,0
-0.2194,0.008,0
-0.2192,0.012,0
-0.219,0.012,0
-0.2188,0.012,0.002
-0.2186,0.012,0.002
-0.2184,0.012,0
-0.2182,0.008,0
-0.218,0.02,-0.002
-0.2178,0.012,0
-0.2176,0.016,0.002
-0.2174,0.012,0
-0.2172,0.016,0
-0.217,0.02,0
-0.2168,0.012,-0.002
-0.2166,0.012,0
-0.2164,0.016,0
-0.2162,0.016,0
-0.216,0.012,0
-0.2158,0.016,0
-0.2156,0.012,0
-0.2154,0.012,0
-0.2152,0.016,0
-0.215,0.016,0
-0.2148,0.016,0
-0.2146,0.016,0
-0.2144,0.016,0
-0.2142,0.016,0
-0.214,0.02,0.002
-0.2138,0.012,0
-0.2136,0.02,0
-0.2134,0.016,0
-0.2132,0.016,0
-0.213,0.016,0
-0.2128,0.016,0
-0.2126,0.016,0
-0.2124,0.016,0.002
-0.2122,0.02,0
-0.212,0.02,-0.002
-0.2118,0.016,0
-0.2116,0.016,0
-0.2114,0.02,0
-0.2112,0.02,0
-0.211,0.012,0
-0.2108,0.016,0
-0.2106,0.016,0
-0.2104,0.016,0
-0.2102,0.016,0
-0.21,0.016,0
-0.2098,0.016,-0.002
-0.2096,0.016,0
-0.2094,0.016,0
-0.2092,0.02,0
-0.209,0.016,0
-0.2088,0.016,0
-0.2086,0.02,0
-0.2084,0.016,0
-0.2082,0.008,0
-0.208,0.02,0
-0.2078,0.02,0
-0.2076,0.02,0
-0.2074,0.02,0
-0.2072,0.016,0.002
-0.207,0.012,0
-0.2068,0.02,0
-0.2066,0.02,0
-0.2064,0.02,0
-0.2062,0.016,0
-0.206,0.02,0
-0.2058,0.02,0
-0.2056,0.02,0
-0.2054,0.016,0
-0.2052,0.02,0
-0.205,0.024,0
-0.2048,0.016,0
-0.2046,0.02,0
-0.2044,0.02,0
-0.2042,0.02,0
-0.204,0.02,0
-0.2038,0.02,0
-0.2036,0.02,0
-0.2034,0.016,0
-0.2032,0.02,0.002
-0.203,0.02,0
-0.2028,0.02,0
-0.2026,0.02,0
-0.2024,0.02,-0.002
-0.2022,0.02,0
-0.202,0.02,0
-0.2018,0.02,0
-0.2016,0.02,0.002
-0.2014,0.024,0
-0.2012,0.024,0
-0.201,0.02,0
-0.2008,0.016,0
-0.2006,0.024,0
-0.2004,0.024,0
-0.2002,0.02,0
-0.2,0.02,0
-0.1998,0.024,0
-0.1996,0.024,0
-0.1994,0.02,0
-0.1992,0.032,0
-0.199,0.024,0
-0.1988,0.032,0
-0.1986,0.024,0
-0.1984,0.02,0
-0.1982,0.024,0
-0.198,0.02,0
-0.1978,0.024,0
-0.1976,0.02,0
-0.1974,0.024,0
-0.1972,0.024,0
-0.197,0.024,0
-0.1968,0.028,0
-0.1966,0.024,0
-0.1964,0.028,0
-0.1962,0.032,0.002
-0.196,0.024,0
-0.1958,0.02,0
-0.1956,0.028,0
-0.1954,0.028,0.002
-0.1952,0.024,0
-0.195,0.032,0
-0.1948,0.032,0
-0.1946,0.032,0
-0.1944,0.028,-0.002
-0.1942,0.028,0
-0.194,0.032,0
-0.1938,0.032,0
-0.1936,0.032,0
-0.1934,0.028,0
-0.1932,0.028,0
-0.193,0.032,-0.002
-0.1928,0.024,0
-0.1926,0.032,-0.002
-0.1924,0.036,0
-0.1922,0.028,0
-0.192,0.028,0
-0.1918,0.028,0
-0.1916,0.024,0
-0.1914,0.028,0
-0.1912,0.032,0
-0.191,0.036,0
-0.1908,0.032,0
-0.1906,0.036,0
-0.1904,0.032,0
-0.1902,0.032,-0.002
-0.19,0.028,0
-0.1898,0.048,0
-0.1896,0.04,-0.002
-0.1894,0.032,-0.002
-0.1892,0.036,0
-0.189,0.04,0
-0.1888,0.036,0
-0.1886,0.04,0
-0.1884,0.036,0
-0.1882,0.036,0
-0.188,0.036,0
-0.1878,0.036,0
-0.1876,0.04,0
-0.1874,0.04,0
-0.1872,0.04,0
-0.187,0.036,0.002
-0.1868,0.04,0.002
-0.1866,0.036,-0.002
-0.1864,0.04,0
-0.1862,0.04,0.002
-0.186,0.04,0
-0.1858,0.04,0
-0.1856,0.04,0
-0.1854,0.04,0
-0.1852,0.04,-0.002
-0.185,0.04,0
-0.1848,0.044,0
-0.1846,0.044,0
-0.1844,0.04,0
-0.1842,0.04,0.002
-0.184,0.04,-0.002
-0.1838,0.04,0
-0.1836,0.04,0
-0.1834,0.044,0
-0.1832,0.044,-0.002
-0.183,0.048,0
-0.1828,0.04,0
-0.1826,0.048,0
-0.1824,0.04,0
-0.1822,0.044,0
-0.182,0.044,0
-0.1818,0.048,0
-0.1816,0.044,0
-0.1814,0.048,0
-0.1812,0.044,0
-0.181,0.044,0
-0.1808,0.044,0.002
-0.1806,0.048,0
-0.1804,0.044,0
-0.1802,0.048,0
-0.18,0.048,0
-0.1798,0.048,0
-0.1796,0.048,0
-0.1794,0.048,0
-0.1792,0.048,0
-0.179,0.052,0
-0.1788,0.048,0
-0.1786,0.052,0
-0.1784,0.048,0
-0.1782,0.056,0
-0.178,0.052,0
-0.1778,0.052,0
-0.1776,0.052,0
-0.1774,0.056,0
-0.1772,0.052,0
-0.177,0.048,0
-0.1768,0.052,0
-0.1766,0.06,0
-0.1764,0.052,-0.002
-0.1762,0.056,0
-0.176,0.056,0
-0.1758,0.052,0.002
-0.1756,0.056,0
-0.1754,0.056,0
-0.1752,0.052,0
-0.175,0.06,-0.002
-0.1748,0.052,0
-0.1746,0.056,0
-0.1744,0.056,0
-0.1742,0.06,0
-0.174,0.06,0
-0.1738,0.056,0
-0.1736,0.056,0
-0.1734,0.06,0
-0.1732,0.052,0
-0.173,0.056,0
-0.1728,0.06,0
-0.1726,0.056,0
-0.1724,0.06,-0.002
-0.1722,0.06,0
-0.172,0.06,0
-0.1718,0.06,0
-0.1716,0.06,-0.002
-0.1714,0.06,0
-0.1712,0.06,0
-0.171,0.06,0
-0.1708,0.06,0
-0.1706,0.064,0
-0.1704,0.06,0
-0.1702,0.068,0
-0.17,0.064,-0.002
-0.1698,0.06,0
-0.1696,0.06,0
-0.1694,0.064,0
-0.1692,0.068,0
-0.169,0.064,0
-0.1688,0.064,0
-0.1686,0.06,0
-0.1684,0.06,0
-0.1682,0.064,0
-0.168,0.064,0
-0.1678,0.064,0
-0.1676,0.068,-0.002
-0.1674,0.068,0
-0.1672,0.076,0
-0.167,0.068,0
-0.1668,0.068,0
-0.1666,0.072,0
-0.1664,0.068,0
-0.1662,0.064,-0.002
-0.166,0.072,0
-0.1658,0.072,0.002
-0.1656,0.072,0
-0.1654,0.068,0
-0.1652,0.072,-0.002
-0.165,0.076,-0.002
-0.1648,0.072,-0.002
-0.1646,0.072,0
-0.1644,0.068,0
-0.1642,0.072,0
-0.164,0.072,0
-0.1638,0.072,0
-0.1636,0.076,0
-0.1634,0.076,-0.002
-0.1632,0.072,0
-0.163,0.072,0.002
-0.1628,0.068,0
-0.1626,0.072,0
-0.1624,0.084,-0.002
-0.1622,0.076,0
-0.162,0.08,0
-0.1618,0.068,0
-0.1616,0.08,0
-0.1614,0.076,0
-0.1612,0.076,0
-0.161,0.076,0
-0.1608,0.072,0
-0.1606,0.08,0
-0.1604,0.072,0
-0.1602,0.084,0
-0.16,0.08,-0.002
-0.1598,0.084,0
-0.1596,0.084,0
-0.1594,0.084,0
-0.1592,0.08,0
-0.159,0.084,-0.002
-0.1588,0.08,0
-0.1586,0.08,0
-0.1584,0.084,0
-0.1582,0.084,0
-0.158,0.088,0
-0.1578,0.088,0
-0.1576,0.084,0
-0.1574,0.084,-0.002
-0.1572,0.088,0
-0.157,0.084,0
-0.1568,0.084,0
-0.1566,0.092,0
-0.1564,0.088,0
-0.1562,0.084,0
-0.156,0.092,0
-0.1558,0.088,0
-0.1556,0.088,0.002
-0.1554,0.092,0
-0.1552,0.092,0.002
-0.155,0.092,0.002
-0.1548,0.092,0
-0.1546,0.092,0
-0.1544,0.088,0
-0.1542,0.088,0
-0.154,0.088,0
-0.1538,0.092,0
-0.1536,0.092,0
-0.1534,0.092,0
-0.1532,0.092,0
-0.153,0.096,0
-0.1528,0.092,0.002
-0.1526,0.096,0
-0.1524,0.096,0
-0.1522,0.092,0
-0.152,0.096,0
-0.1518,0.096,0
-0.1516,0.096,0
-0.1514,0.096,0
-0.1512,0.1,0
-0.151,0.096,0
-0.1508,0.096,0
-0.1506,0.096,0
-0.1504,0.092,0
-0.1502,0.096,0
-0.15,0.096,0
-0.1498,0.104,0
-0.1496,0.1,0
-0.1494,0.104,0
-0.1492,0.104,0
-0.149,0.1,0
-0.1488,0.104,0
-0.1486,0.108,0
-0.1484,0.104,0
-0.1482,0.1,0
-0.148,0.108,0
-0.1478,0.1,0
-0.1476,0.104,0
-0.1474,0.104,-0.002
-0.1472,0.108,0
-0.147,0.108,0
-0.1468,0.104,0
-0.1466,0.104,0
-0.1464,0.108,0
-0.1462,0.104,0
-0.146,0.112,0
-0.1458,0.108,-0.002
-0.1456,0.112,0
-0.1454,0.108,0
-0.1452,0.108,-0.002
-0.145,0.112,0
-0.1448,0.112,0
-0.1446,0.112,0
-0.1444,0.112,0
-0.1442,0.116,0.002
-0.144,0.104,0
-0.1438,0.112,0
-0.1436,0.116,0
-0.1434,0.112,0
-0.1432,0.116,0
-0.143,0.116,0
-0.1428,0.12,0
-0.1426,0.112,0
-0.1424,0.116,0
-0.1422,0.12,0
-0.142,0.112,0
-0.1418,0.12,0
-0.1416,0.112,0
-0.1414,0.12,0
-0.1412,0.116,0
-0.141,0.12,0
-0.1408,0.116,0
-0.1406,0.112,0
-0.1404,0.12,0
-0.1402,0.124,0
-0.14,0.124,0
-0.1398,0.12,0
-0.1396,0.124,0
-0.1394,0.124,0
-0.1392,0.12,0
-0.139,0.12,0
-0.1388,0.124,0
-0.1386,0.12,0
-0.1384,0.124,0
-0.1382,0.124,0
-0.138,0.124,0
-0.1378,0.124,-0.002
-0.1376,0.116,0
-0.1374,0.128,0
-0.1372,0.128,0
-0.137,0.128,-0.002
-0.1368,0.12,0
-0.1366,0.124,0
-0.1364,0.124,-0.002
-0.1362,0.128,0
-0.136,0.12,0
-0.1358,0.124,-0.002
-0.1356,0.124,0
-0.1354,0.128,0
-0.1352,0.132,0
-0.135,0.132,0
-0.1348,0.136,0
-0.1346,0.124,0
-0.1344,0.128,0
-0.1342,0.128,0
-0.134,0.124,0
-0.1338,0.132,0
-0.1336,0.132,0
-0.1334,0.124,0
-0.1332,0.128,0
-0.133,0.132,0
-0.1328,0.128,0
-0.1326,0.136,0
-0.1324,0.132,0
-0.1322,0.132,0
-0.132,0.132,0
-0.1318,0.132,0
-0.1316,0.136,0
-0.1314,0.132,-0.002
-0.1312,0.128,0
-0.131,0.132,0
-0.1308,0.128,0
-0.1306,0.132,0
-0.1304,0.136,0
-0.1302,0.132,0
-0.13,0.136,0
-0.1298,0.132,-0.002
-0.1296,0.132,0
-0.1294,0.136,0
-0.1292,0.132,0
-0.129,0.128,0
-0.1288,0.132,0
-0.1286,0.14,0
-0.1284,0.132,0
-0.1282,0.136,0
-0.128,0.132,0.002
-0.1278,0.132,0
-0.1276,0.136,0
-0.1274,0.136,0
-0.1272,0.132,0
-0.127,0.132,0
-0.1268,0.136,-0.002
-0.1266,0.132,0
-0.1264,0.136,0
-0.1262,0.132,0
-0.126,0.132,0
-0.1258,0.14,0
-0.1256,0.136,0
-0.1254,0.132,0
-0.1252,0.132,-0.002
-0.125,0.136,0
-0.1248,0.136,0
-0.1246,0.132,0
-0.1244,0.128,0.002
-0.1242,0.132,0
-0.124,0.136,-0.002
-0.1238,0.128,0
-0.1236,0.136,0
-0.1234,0.132,0
-0.1232,0.132,-0.002
-0.123,0.132,0
-0.1228,0.136,0
-0.1226,0.136,0
-0.1224,0.132,0
-0.1222,0.128,0
-0.122,0.132,0
-0.1218,0.132,0
-0.1216,0.124,0
-0.1214,0.128,0
-0.1212,0.128,0
-0.121,0.124,-0.002
-0.1208,0.132,0
-0.1206,0.128,0.002
-0.1204,0.128,0
-0.1202,0.124,0
-0.12,0.128,0
-0.1198,0.128,0
-0.1196,0.128,0
-0.1194,0.124,0
-0.1192,0.124,0.002
-0.119,0.124,0
-0.1188,0.124,0
-0.1186,0.12,0
-0.1184,0.124,0.002
-0.1182,0.124,0
-0.118,0.12,0
-0.1178,0.12,0
-0.1176,0.12,0.002
-0.1174,0.12,0
-0.1172,0.12,0
-0.117,0.12,0
-0.1168,0.116,0
-0.1166,0.124,0
-0.1164,0.116,0
-0.1162,0.124,0.002
-0.116,0.12,0
-0.1158,0.12,0.002
-0.1156,0.112,0
-0.1154,0.12,0
-0.1152,0.112,0
-0.115,0.112,0
-0.1148,0.116,0
-0.1146,0.112,0.002
-0.1144,0.112,0
-0.1142,0.112,0
-0.114,0.112,0
-0.1138,0.108,0
-0.1136,0.104,0
-0.1134,0.108,0
-0.1132,0.108,0
-0.113,0.104,0
-0.1128,0.108,0
-0.1126,0.104,0
-0.1124,0.104,0
-0.1122,0.108,0
-0.112,0.104,0
-0.1118,0.104,-0.002
-0.1116,0.1,0
-0.1114,0.1,0
-0.1112,0.1,0
-0.111,0.1,0
-0.1108,0.096,0
-0.1106,0.088,0
-0.1104,0.096,0
-0.1102,0.092,0
-0.11,0.092,0
-0.1098,0.092,0
-0.1096,0.088,0
-0.1094,0.088,0
-0.1092,0.092,0
-0.109,0.088,0
-0.1088,0.092,0.002
-0.1086,0.088,0
-0.1084,0.084,0
-0.1082,0.084,0
-0.108,0.088,0
-0.1078,0.08,0
-0.1076,0.084,0
-0.1074,0.08,0
-0.1072,0.08,0
-0.107,0.08,0
-0.1068,0.076,0
-0.1066,0.08,0
-0.1064,0.076,0
-0.1062,0.072,-0.002
-0.106,0.068,0
-0.1058,0.072,0
-0.1056,0.076,0
-0.1054,0.068,0
-0.1052,0.068,0
-0.105,0.064,0
-0.1048,0.064,0.002
-0.1046,0.064,0
-0.1044,0.064,-0.002
-0.1042,0.064,-0.002
-0.104,0.06,0
-0.1038,0.056,0
-0.1036,0.056,0
-0.1034,0.056,0
-0.1032,0.056,0
-0.103,0.052,0
-0.1028,0.052,0
-0.1026,0.052,0
-0.1024,0.048,0
-0.1022,0.044,0
-0.102,0.04,0
-0.1018,0.04,0
-0.1016,0.032,0
-0.1014,0.04,0
-0.1012,0.04,0
-0.101,0.04,0
-0.1008,0.04,0
-0.1006,0.032,0.002
-0.1004,0.032,0
-0.1002,0.032,0
-0.1,0.04,0
-0.0998,0.032,0
-0.0996,0.028,0.002
-0.0994,0.028,0
-0.0992,0.028,0
-0.099,0.028,0.002
-0.0988,0.02,0
-0.0986,0.02,0
-0.0984,0.02,0
-0.0982,0.02,0
-0.098,0.02,-0.002
-0.0978,0.016,0
-0.0976,0.012,0
-0.0974,0.012,0
-0.0972,0.012,-0.002
-0.097,0.008,0
-0.0968,0.008,0
-0.0966,0.008,0.002
-0.0964,0,0
-0.0962,0,0
-0.096,0,0
-0.0958,-0.012,0
-0.0956,0,0
-0.0954,-0.004,0
-0.0952,-0.008,0
-0.095,-0.004,0
-0.0948,-0.008,0
-0.0946,-0.012,0
-0.0944,-0.012,0
-0.0942,-0.016,-0.002
-0.094,-0.016,0
-0.0938,-0.02,0
-0.0936,-0.02,0
-0.0934,-0.024,0
-0.0932,-0.02,0
-0.093,-0.024,-0.002
-0.0928,-0.024,-0.002
-0.0926,-0.028,0
-0.0924,-0.024,0.002
-0.0922,-0.032,0
-0.092,-0.04,0
-0.0918,-0.036,0
-0.0916,-0.044,0
-0.0914,-0.04,0
-0.0912,-0.04,0
-0.091,-0.04,0
-0.0908,-0.048,0
-0.0906,-0.048,0
-0.0904,-0.048,0
-0.0902,-0.052,0
-0.09,-0.052,0
-0.0898,-0.06,0
-0.0896,-0.06,0
-0.0894,-0.06,0
-0.0892,-0.052,0
-0.089,-0.06,-0.002
-0.0888,-0.064,0
-0.0886,-0.064,-0.002
-0.0884,-0.064,0
-0.0882,-0.076,0
-0.088,-0.072,0
-0.0878,-0.072,0
-0.0876,-0.08,0.002
-0.0874,-0.076,0
-0.0872,-0.076,0
-0.087,-0.084,0
-0.0868,-0.084,-0.002
-0.0866,-0.08,0
-0.0864,-0.084,0
-0.0862,-0.084,0.002
-0.086,-0.084,0
-0.0858,-0.088,0
-0.0856,-0.092,0
-0.0854,-0.092,0
-0.0852,-0.096,0
-0.085,-0.096,0
-0.0848,-0.096,0
-0.0846,-0.1,0
-0.0844,-0.104,0
-0.0842,-0.104,-0.002
-0.084,-0.092,0.002
-0.0838,-0.108,0
-0.0836,-0.108,0
-0.0834,-0.108,0
-0.0832,-0.112,0
-0.083,-0.116,0
-0.0828,-0.116,0
-0.0826,-0.116,0
-0.0824,-0.12,0
-0.0822,-0.124,0
-0.082,-0.124,-0.002
-0.0818,-0.124,-0.002
-0.0816,-0.124,0
-0.0814,-0.128,0
-0.0812,-0.128,0
-0.081,-0.136,0
-0.0808,-0.136,0
-0.0806,-0.14,0
-0.0804,-0.136,0.002
-0.0802,-0.144,-0.002
-0.08,-0.14,0
-0.0798,-0.148,-0.002
-0.0796,-0.148,0
-0.0794,-0.148,0
-0.0792,-0.148,0
-0.079,-0.156,0
-0.0788,-0.156,0
-0.0786,-0.156,0
-0.0784,-0.16,0
-0.0782,-0.16,0
-0.078,-0.164,0
-0.0778,-0.168,0
-0.0776,-0.164,0
-0.0774,-0.164,0
-0.0772,-0.172,0
-0.077,-0.176,0
-0.0768,-0.172,0
-0.0766,-0.176,0
-0.0764,-0.184,-0.002
-0.0762,-0.176,0
-0.076,-0.18,-0.002
-0.0758,-0.184,0.002
-0.0756,-0.184,-0.002
-0.0754,-0.184,0
-0.0752,-0.196,0
-0.075,-0.188,0
-0.0748,-0.188,0
-0.0746,-0.188,0
-0.0744,-0.196,0
-0.0742,-0.196,-0.002
-0.074,-0.196,0
-0.0738,-0.2,0
-0.0736,-0.2,0
-0.0734,-0.208,0
-0.0732,-0.204,0
-0.073,-0.212,0
-0.0728,-0.208,0
-0.0726,-0.212,0
-0.0724,-0.212,0
-0.0722,-0.216,0
-0.072,-0.216,0
-0.0718,-0.216,0
-0.0716,-0.22,0
-0.0714,-0.224,0
-0.0712,-0.216,0
-0.071,-0.216,0
-0.0708,-0.228,0
-0.0706,-0.224,0
-0.0704,-0.224,0
-0.0702,-0.228,0
-0.07,-0.236,0
-0.0698,-0.236,0
-0.0696,-0.236,0
-0.0694,-0.232,0
-0.0692,-0.228,0.002
-0.069,-0.24,0
-0.0688,-0.24,0.002
-0.0686,-0.24,0
-0.0684,-0.24,0
-0.0682,-0.248,0
-0.068,-0.248,0
-0.0678,-0.248,0
-0.0676,-0.244,0
-0.0674,-0.248,0.002
-0.0672,-0.248,0.002
-0.067,-0.248,0
-0.0668,-0.256,0
-0.0666,-0.252,0
-0.0664,-0.26,0
-0.0662,-0.26,0
-0.066,-0.26,0
-0.0658,-0.264,0
-0.0656,-0.26,0
-0.0654,-0.264,0
-0.0652,-0.264,0
-0.065,-0.26,0.002
-0.0648,-0.26,0
-0.0646,-0.264,0
-0.0644,-0.264,0
-0.0642,-0.268,0
-0.064,-0.264,0
-0.0638,-0.272,0
-0.0636,-0.268,0
-0.0634,-0.272,0
-0.0632,-0.272,0
-0.063,-0.276,0
-0.0628,-0.288,0
-0.0626,-0.28,-0.002
-0.0624,-0.272,0
-0.0622,-0.276,0
-0.062,-0.28,0
-0.0618,-0.276,0
-0.0616,-0.28,0
-0.0614,-0.28,0
-0.0612,-0.28,0
-0.061,-0.28,0
-0.0608,-0.284,0
-0.0606,-0.284,0
-0.0604,-0.288,0
-0.0602,-0.288,0
-0.06,-0.288,0
-0.0598,-0.284,0
-0.0596,-0.288,0
-0.0594,-0.288,0
-0.0592,-0.288,-0.002
-0.059,-0.288,0
-0.0588,-0.288,0
-0.0586,-0.284,0
-0.0584,-0.292,0.002
-0.0582,-0.288,0
-0.058,-0.288,0
-0.0578,-0.292,0
-0.0576,-0.292,0
-0.0574,-0.296,0
-0.0572,-0.296,0
-0.057,-0.292,0
-0.0568,-0.3,-0.002
-0.0566,-0.3,0
-0.0564,-0.292,0
-0.0562,-0.296,0.002
-0.056,-0.292,0
-0.0558,-0.292,0
-0.0556,-0.296,0
-0.0554,-0.292,0
-0.0552,-0.3,0.002
-0.055,-0.296,0
-0.0548,-0.296,0
-0.0546,-0.296,0
-0.0544,-0.3,0
-0.0542,-0.296,0
-0.054,-0.3,0
-0.0538,-0.296,0
-0.0536,-0.3,0
-0.0534,-0.304,0
-0.0532,-0.304,0
-0.053,-0.3,0
-0.0528,-0.308,0
-0.0526,-0.3,0
-0.0524,-0.304,0
-0.0522,-0.304,0
-0.052,-0.304,0
-0.0518,-0.304,0
-0.0516,-0.304,0
-0.0514,-0.3,0
-0.0512,-0.3,0
-0.051,-0.304,0
-0.0508,-0.296,0
-0.0506,-0.3,0
-0.0504,-0.3,0
-0.0502,-0.3,0
-0.05,-0.3,0
-0.0498,-0.3,0
-0.0496,-0.3,0
-0.0494,-0.304,0
-0.0492,-0.304,-0.002
-0.049,-0.3,0
-0.0488,-0.3,0
-0.0486,-0.308,0
-0.0484,-0.3,0
-0.0482,-0.3,0
-0.048,-0.296,0
-0.0478,-0.3,0
-0.0476,-0.3,0
-0.0474,-0.296,0
-0.0472,-0.296,0
-0.047,-0.3,0
-0.0468,-0.292,0
-0.0466,-0.296,0
-0.0464,-0.296,0
-0.0462,-0.292,0
-0.046,-0.292,0.002
-0.0458,-0.292,0.002
-0.0456,-0.296,0
-0.0454,-0.296,0
-0.0452,-0.296,0
-0.045,-0.292,0
-0.0448,-0.296,0
-0.0446,-0.288,0.002
-0.0444,-0.292,0.002
-0.0442,-0.292,0
-0.044,-0.292,-0.002
-0.0438,-0.288,0
-0.0436,-0.292,0
-0.0434,-0.292,0
-0.0432,-0.288,0.002
-0.043,-0.288,0
-0.0428,-0.288,0.002
-0.0426,-0.288,0
-0.0424,-0.284,0
-0.0422,-0.28,0
-0.042,-0.28,0
-0.0418,-0.28,-0.002
-0.0416,-0.284,0
-0.0414,-0.284,0
-0.0412,-0.28,0
-0.041,-0.28,0
-0.0408,-0.28,0
-0.0406,-0.276,0
-0.0404,-0.28,-0.002
-0.0402,-0.28,0.002
-0.04,-0.272,0
-0.0398,-0.276,0
-0.0396,-0.276,0
-0.0394,-0.276,0
-0.0392,-0.268,0
-0.039,-0.268,0
-0.0388,-0.26,0
-0.0386,-0.268,0
-0.0384,-0.268,0
-0.0382,-0.272,0
-0.038,-0.26,0
-0.0378,-0.268,0
-0.0376,-0.264,0
-0.0374,-0.264,0
-0.0372,-0.264,-0.002
-0.037,-0.26,-0.002
-0.0368,-0.26,0
-0.0366,-0.256,0.002
-0.0364,-0.256,0
-0.0362,-0.248,0
-0.036,-0.256,0
-0.0358,-0.252,0
-0.0356,-0.248,0
-0.0354,-0.248,0.002
-0.0352,-0.248,0
-0.035,-0.252,0.002
-0.0348,-0.248,0
-0.0346,-0.248,0
-0.0344,-0.244,0
-0.0342,-0.244,0
-0.034,-0.244,0
-0.0338,-0.24,0
-0.0336,-0.24,0
-0.0334,-0.236,0
-0.0332,-0.24,0
-0.033,-0.236,0
-0.0328,-0.236,0
-0.0326,-0.232,0
-0.0324,-0.232,-0.002
-0.0322,-0.232,-0.002
-0.032,-0.232,0
-0.0318,-0.228,0
-0.0316,-0.232,0
-0.0314,-0.224,0
-0.0312,-0.224,0
-0.031,-0.224,0.002
-0.0308,-0.224,0
-0.0306,-0.228,0.002
-0.0304,-0.22,0
-0.0302,-0.216,-0.002
-0.03,-0.216,0
-0.0298,-0.22,0
-0.0296,-0.216,0
-0.0294,-0.216,0
-0.0292,-0.212,0
-0.029,-0.216,0
-0.0288,-0.208,0
-0.0286,-0.208,0
-0.0284,-0.204,0
-0.0282,-0.208,0
-0.028,-0.208,0
-0.0278,-0.204,0
-0.0276,-0.2,0
-0.0274,-0.2,0
-0.0272,-0.196,0
-0.027,-0.196,0
-0.0268,-0.192,0
-0.0266,-0.2,0
-0.0264,-0.188,0
-0.0262,-0.192,0
-0.026,-0.192,0
-0.0258,-0.188,0
-0.0256,-0.188,0
-0.0254,-0.188,0
-0.0252,-0.184,0
-0.025,-0.184,0
-0.0248,-0.184,0
-0.0246,-0.172,0
-0.0244,-0.172,-0.002
-0.0242,-0.172,0
-0.024,-0.168,0
-0.0238,-0.172,0
-0.0236,-0.172,0
-0.0234,-0.176,0.002
-0.0232,-0.168,0
-0.023,-0.164,0
-0.0228,-0.164,0
-0.0226,-0.164,0
-0.0224,-0.16,0
-0.0222,-0.16,0
-0.022,-0.156,0
-0.0218,-0.156,0
-0.0216,-0.16,0
-0.0214,-0.152,0
-0.0212,-0.148,0
-0.021,-0.148,-0.002
-0.0208,-0.148,0
-0.0206,-0.148,0
-0.0204,-0.144,0
-0.0202,-0.144,0
-0.02,-0.14,0
-0.0198,-0.14,-0.002
-0.0196,-0.136,0
-0.0194,-0.136,0
-0.0192,-0.136,0
-0.019,-0.136,-0.002
-0.0188,-0.132,0
-0.0186,-0.132,0
-0.0184,-0.132,0
-0.0182,-0.128,-0.002
-0.018,-0.124,0
-0.0178,-0.124,0
-0.0176,-0.124,0
-0.0174,-0.12,0
-0.0172,-0.12,0
-0.017,-0.112,0
-0.0168,-0.108,0
-0.0166,-0.108,0
-0.0164,-0.112,0
-0.0162,-0.108,0
-0.016,-0.108,-0.002
-0.0158,-0.108,0
-0.0156,-0.1,0
-0.0154,-0.108,0
-0.0152,-0.1,0
-0.015,-0.096,0
-0.0148,-0.096,0
-0.0146,-0.092,0
-0.0144,-0.096,0
-0.0142,-0.092,0
-0.014,-0.096,0
-0.0138,-0.092,0
-0.0136,-0.088,0
-0.0134,-0.088,-0.002
-0.0132,-0.084,-0.002
-0.013,-0.084,0
-0.0128,-0.084,0
-0.0126,-0.084,0
-0.0124,-0.076,0
-0.0122,-0.072,0
-0.012,-0.076,0
-0.0118,-0.076,0
-0.0116,-0.076,0
-0.0114,-0.076,0
-0.0112,-0.072,0
-0.011,-0.068,0
-0.0108,-0.068,0.002
-0.0106,-0.068,0
-0.0104,-0.068,0
-0.0102,-0.06,0
-0.01,-0.06,0
-0.0098,-0.06,0
-0.0096,-0.06,0.002
-0.0094,-0.056,0
-0.0092,-0.056,0
-0.009,-0.052,0
-0.0088,-0.048,0
-0.0086,-0.048,0
-0.0084,-0.048,-0.002
-0.0082,-0.052,-0.002
-0.008,-0.044,0.002
-0.0078,-0.044,0
-0.0076,-0.04,0
-0.0074,-0.04,0
-0.0072,-0.048,0.002
-0.007,-0.036,0
-0.0068,-0.032,0
-0.0066,-0.028,0.002
-0.0064,-0.036,0
-0.0062,-0.032,0.002
-0.006,-0.028,0
-0.0058,-0.032,0
-0.0056,-0.032,0
-0.0054,-0.024,0
-0.0052,-0.024,0
-0.005,-0.024,0
-0.0048,-0.02,0
-0.0046,-0.02,0
-0.0044,-0.02,0
-0.0042,-0.02,0
-0.004,-0.02,0
-0.0038,-0.016,0
-0.0036,-0.012,0
-0.0034,-0.012,0
-0.0032,-0.012,0
-0.003,-0.008,0.002
-0.0028,-0.004,0
-0.0026,-0.008,0
-0.0024,-0.004,0
-0.0022,0,-0.002
-0.002,0,0
-0.0018,0,0.002
-0.0016,0,0
-0.0014,0,-0.002
-0.0012,0,0
-0.001,0.004,0
-0.0008,0.004,-0.002
-0.0006,0.008,0
-0.0004,0.004,0
-0.0002,0.012,-0.002
0,0.012,0
0.0002,0.012,0
0.0004,0.016,0
0.0006,0.012,0
0.0008,0.016,0
0.001,0.02,0
0.0012,0.02,0
0.0014,0.016,0
0.0016,0.024,0
0.0018,0.02,0
0.002,0.032,-0.002
0.0022,0.024,0
0.0024,0.024,0
0.0026,0.024,0
0.0028,0.036,0
0.003,0.032,0
0.0032,0.028,0
0.0034,0.032,0
0.0036,0.036,0
0.0038,0.036,0
0.004,0.036,0
0.0042,0.036,0
0.0044,0.036,0
0.0046,0.04,0
0.0048,0.04,0
0.005,0.04,0
0.0052,0.04,0
0.0054,0.044,-0.002
0.0056,0.04,0
0.0058,0.04,-0.002
0.006,0.048,0
0.0062,0.048,0
0.0064,0.052,0
0.0066,0.048,0
0.0068,0.048,-0.002
0.007,0.052,0
0.0072,0.052,0
0.0074,0.052,0
0.0076,0.056,0
0.0078,0.06,0
0.008,0.052,0
0.0082,0.056,0
0.0084,0.052,0
0.0086,0.056,0
0.0088,0.06,0
0.009,0.06,0
0.0092,0.06,0
0.0094,0.06,0
0.0096,0.06,0
0.0098,0.064,0
0.01,0.068,-0.002
0.0102,0.064,0
0.0104,0.068,0
0.0106,0.068,0
0.0108,0.068,0
0.011,0.072,0
0.0112,0.072,0
0.0114,0.076,0
0.0116,0.072,0
0.0118,0.076,0
0.012,0.068,0
0.0122,0.072,0
0.0124,0.076,0
0.0126,0.076,0
0.0128,0.076,0
0.013,0.08,0
0.0132,0.072,0
0.0134,0.084,0
0.0136,0.076,0
0.0138,0.076,0
0.014,0.072,0
0.0142,0.08,0
0.0144,0.08,0
0.0146,0.08,0
0.0148,0.084,0
0.015,0.084,0
0.0152,0.084,0
0.0154,0.084,0
0.0156,0.088,0
0.0158,0.084,0.002
0.016,0.084,0
0.0162,0.084,0
0.0164,0.084,0
0.0166,0.088,-0.002
0.0168,0.092,-0.002
0.017,0.084,0
0.0172,0.088,0
0.0174,0.088,0
0.0176,0.092,0
0.0178,0.096,0.002
0.018,0.092,0
0.0182,0.092,-0.002
0.0184,0.092,-0.002
0.0186,0.092,0
0.0188,0.092,0
0.019,0.092,0
0.0192,0.092,0
0.0194,0.088,0.002
0.0196,0.092,0
0.0198,0.092,0
0.02,0.092,0.002
0.0202,0.1,0
0.0204,0.092,0
0.0206,0.1,0
0.0208,0.096,0
0.021,0.1,0
0.0212,0.084,0
0.0214,0.092,0
0.0216,0.092,0
0.0218,0.104,0.002
0.022,0.096,0
0.0222,0.096,0
0.0224,0.096,0
0.0226,0.104,0
0.0228,0.1,0
0.023,0.096,0
0.0232,0.1,-0.002
0.0234,0.096,0
0.0236,0.1,0
0.0238,0.096,0.002
0.024,0.1,0
0.0242,0.1,0
0.0244,0.1,0
0.0246,0.1,0
0.0248,0.104,0
0.025,0.1,-0.002
0.0252,0.096,0
0.0254,0.104,0
0.0256,0.104,0
0.0258,0.104,0
0.026,0.1,0
0.0262,0.1,0
0.0264,0.104,0
0.0266,0.104,0
0.0268,0.104,0
0.027,0.1,0
0.0272,0.104,0
0.0274,0.1,0
0.0276,0.1,0
0.0278,0.108,0
0.028,0.104,0
0.0282,0.104,0
0.0284,0.104,0
0.0286,0.1,0
0.0288,0.104,0
0.029,0.104,0
0.0292,0.1,0
0.0294,0.104,-0.002
0.0296,0.104,0
0.0298,0.1,0
0.03,0.1,0
0.0302,0.104,0
0.0304,0.104,0
0.0306,0.104,0
0.0308,0.108,0
0.031,0.096,-0.002
0.0312,0.1,0
0.0314,0.104,0
0.0316,0.104,0
0.0318,0.1,0
0.032,0.108,0
0.0322,0.104,0
0.0324,0.104,0
0.0326,0.104,0
0.0328,0.108,0
0.033,0.1,0
0.0332,0.104,0
0.0334,0.104,0
0.0336,0.108,0
0.0338,0.1,0
0.034,0.1,0
0.0342,0.108,0
0.0344,0.104,0
0.0346,0.1,0
0.0348,0.104,0
0.035,0.104,0
0.0352,0.104,0
0.0354,0.104,0
0.0356,0.108,0
0.0358,0.1,0
0.036,0.104,-0.002
0.0362,0.104,0.002
0.0364,0.1,0.002
0.0366,0.1,0
0.0368,0.104,0
0.037,0.104,0
0.0372,0.104,0
0.0374,0.104,0
0.0376,0.104,0
0.0378,0.104,0
0.038,0.096,0
0.0382,0.1,0
0.0384,0.104,0
0.0386,0.096,0
0.0388,0.104,0
0.039,0.104,0
0.0392,0.1,0
0.0394,0.1,0
0.0396,0.104,0
0.0398,0.1,0
0.04,0.1,0
0.0402,0.092,0.002
0.0404,0.096,0
0.0406,0.1,0
0.0408,0.1,0
0.041,0.104,0
0.0412,0.104,0
0.0414,0.1,0
0.0416,0.108,0
0.0418,0.1,0
0.042,0.104,0
0.0422,0.1,0
0.0424,0.096,0
0.0426,0.092,0
0.0428,0.104,0
0.043,0.096,-0.002
0.0432,0.1,0
0.0434,0.096,0
0.0436,0.1,0.002
0.0438,0.092,0
0.044,0.096,0
0.0442,0.1,0
0.0444,0.092,0
0.0446,0.096,0
0.0448,0.1,0
0.045,0.096,0
0.0452,0.096,0
0.0454,0.096,0
0.0456,0.092,0
0.0458,0.092,0
0.046,0.1,0
0.0462,0.092,0
0.0464,0.096,0.002
0.0466,0.092,0
0.0468,0.092,0
0.047,0.1,0
0.0472,0.092,0.002
0.0474,0.096,0
0.0476,0.096,-0.002
0.0478,0.096,0
0.048,0.092,0
0.0482,0.092,0
0.0484,0.092,0
0.0486,0.096,0
0.0488,0.096,0
0.049,0.092,0
0.0492,0.088,0
0.0494,0.092,0
0.0496,0.084,0
0.0498,0.088,0
0.05,0.092,0
0.0502,0.088,0
0.0504,0.092,-0.002
0.0506,0.092,0
0.0508,0.092,0
0.051,0.088,0
0.0512,0.092,0
0.0514,0.088,0
0.0516,0.084,0
0.0518,0.084,0
0.052,0.088,0
0.0522,0.088,0
0.0524,0.084,0
0.0526,0.088,0
0.0528,0.088,0
0.053,0.088,0
0.0532,0.088,0
0.0534,0.088,0
0.0536,0.088,0
0.0538,0.088,0
0.054,0.084,0
0.0542,0.084,-0.002
0.0544,0.084,0
0.0546,0.084,0
0.0548,0.088,0
0.055,0.084,0
0.0552,0.084,0
0.0554,0.084,0
0.0556,0.084,0
0.0558,0.084,0
0.056,0.084,0
0.0562,0.08,-0.002
0.0564,0.084,0
0.0566,0.084,0
0.0568,0.084,0
0.057,0.084,0
0.0572,0.08,0
0.0574,0.084,0
0.0576,0.08,0
0.0578,0.08,0
0.058,0.084,-0.002
0.0582,0.084,0
0.0584,0.084,-0.002
0.0586,0.076,0
0.0588,0.08,0
0.059,0.08,0
0.0592,0.08,0
0.0594,0.084,0
0.0596,0.08,0
0.0598,0.08,0
0.06,0.08,-0.002
0.0602,0.084,-0.002
0.0604,0.08,0
0.0606,0.08,0
0.0608,0.08,0
0.061,0.084,0
0.0612,0.08,0
0.0614,0.076,-0.002
0.0616,0.08,0
0.0618,0.076,0
0.062,0.076,0
0.0622,0.072,0
0.0624,0.076,0
0.0626,0.076,0
0.0628,0.072,0
0.063,0.076,0
0.0632,0.076,0
0.0634,0.08,0
0.0636,0.076,0
0.0638,0.08,0
0.064,0.072,0
0.0642,0.072,0
0.0644,0.072,0
0.0646,0.072,0
0.0648,0.068,0
0.065,0.072,0
0.0652,0.068,0
0.0654,0.08,0
0.0656,0.068,0
0.0658,0.068,0
0.066,0.068,0
0.0662,0.072,-0.002
0.0664,0.072,0
0.0666,0.072,0
0.0668,0.068,0
0.067,0.064,0
0.0672,0.072,0
0.0674,0.064,0
0.0676,0.064,-0.002
0.0678,0.064,0
0.068,0.068,0
0.0682,0.068,0
0.0684,0.064,0.002
0.0686,0.068,0
0.0688,0.064,0
0.069,0.072,0
0.0692,0.06,0.002
0.0694,0.068,0
0.0696,0.064,0
0.0698,0.068,0
0.07,0.064,0
0.0702,0.068,0
0.0704,0.064,0
0.0706,0.06,0
0.0708,0.064,0
0.071,0.064,0
0.0712,0.068,0
0.0714,0.06,0
0.0716,0.064,0
0.0718,0.064,-0.002
0.072,0.064,0
0.0722,0.064,0
0.0724,0.06,0
0.0726,0.06,0
0.0728,0.06,0
0.073,0.068,0
0.0732,0.06,0
0.0734,0.064,0
0.0736,0.06,0
0.0738,0.056,0
0.074,0.06,0
0.0742,0.06,0
0.0744,0.056,0
0.0746,0.06,0
0.0748,0.056,0
0.075,0.056,0
0.0752,0.056,0
0.0754,0.056,0
0.0756,0.06,0
0.0758,0.056,-0.002
0.076,0.056,0
0.0762,0.056,-0.002
0.0764,0.056,0
0.0766,0.06,0
0.0768,0.056,-0.002
0.077,0.06,0
0.0772,0.052,0
0.0774,0.06,0
0.0776,0.052,0
0.0778,0.056,0
0.078,0.052,0
0.0782,0.052,0
0.0784,0.052,-0.002
0.0786,0.052,0
0.0788,0.056,0.002
0.079,0.052,0
0.0792,0.052,0
0.0794,0.052,-0.002
0.0796,0.052,0
0.0798,0.056,-0.002
0.08,0.052,-0.002
0.0802,0.052,0
0.0804,0.052,0
0.0806,0.048,0
0.0808,0.048,0
0.081,0.052,0
0.0812,0.052,0
0.0814,0.056,0
0.0816,0.048,0
0.0818,0.052,0
0.082,0.052,0
0.0822,0.048,0
0.0824,0.048,0
0.0826,0.048,0
0.0828,0.044,0
0.083,0.048,0
0.0832,0.048,-0.002
0.0834,0.048,0
0.0836,0.048,0
0.0838,0.044,0
0.084,0.044,0
0.0842,0.044,0
0.0844,0.048,0
0.0846,0.044,0
0.0848,0.048,0
0.085,0.048,0
0.0852,0.04,0
0.0854,0.044,0
0.0856,0.048,0
0.0858,0.044,0
0.086,0.044,0.002
0.0862,0.04,0
0.0864,0.044,0
0.0866,0.048,0
0.0868,0.044,0
0.087,0.044,0
0.0872,0.04,0
0.0874,0.044,0.002
0.0876,0.04,0
0.0878,0.04,0
0.088,0.04,-0.002
0.0882,0.04,0
0.0884,0.04,-0.002
0.0886,0.04,0
0.0888,0.04,0
0.089,0.04,0
0.0892,0.044,0
0.0894,0.04,0
0.0896,0.04,0
0.0898,0.04,0
0.09,0.04,0
0.0902,0.04,0
0.0904,0.04,0
0.0906,0.04,0
0.0908,0.036,0
0.091,0.036,0
0.0912,0.052,-0.002
0.0914,0.04,0
0.0916,0.036,0
0.0918,0.04,0
0.092,0.032,0
0.0922,0.04,0
0.0924,0.04,0
0.0926,0.04,0
0.0928,0.04,0
0.093,0.036,0
0.0932,0.032,0
0.0934,0.04,0
0.0936,0.032,0
0.0938,0.04,0
0.094,0.036,0
0.0942,0.036,0
0.0944,0.04,0
0.0946,0.04,0
0.0948,0.036,0
0.095,0.036,0
0.0952,0.04,0
0.0954,0.032,0
0.0956,0.032,0
0.0958,0.028,0
0.096,0.032,0
0.0962,0.032,0
0.0964,0.032,-0.002
0.0966,0.032,0
0.0968,0.032,0
0.097,0.032,0
0.0972,0.036,0
0.0974,0.032,0
0.0976,0.032,0
0.0978,0.036,0
0.098,0.036,0
0.0982,0.036,0
0.0984,0.032,0
0.0986,0.032,0
0.0988,0.024,0
0.099,0.032,0
0.0992,0.028,0
0.0994,0.028,0
0.0996,0.028,-0.002
0.0998,0.032,0
0.1,0.028,0
0.1002,0.028,0.002
0.1004,0.032,0
0.1006,0.032,0
0.1008,0.032,0
0.101,0.024,0
0.1012,0.028,0
0.1014,0.032,0
0.1016,0.032,0
0.1018,0.028,0
0.102,0.036,0
0.1022,0.028,0
0.1024,0.032,0
0.1026,0.028,0
0.1028,0.032,0
0.103,0.032,-0.002
0.1032,0.028,0
0.1034,0.032,0
0.1036,0.032,0
0.1038,0.024,0
0.104,0.028,0
0.1042,0.024,0
0.1044,0.028,0
0.1046,0.024,0
0.1048,0.028,0
0.105,0.032,0
0.1052,0.024,0
0.1054,0.024,0
0.1056,0.032,0.002
0.1058,0.028,0
0.106,0.028,0
0.1062,0.032,-0.002
0.1064,0.028,0
0.1066,0.02,0
0.1068,0.024,0
0.107,0.028,-0.002
0.1072,0.028,0
0.1074,0.028,0
0.1076,0.028,0
0.1078,0.024,-0.002
0.108,0.024,0
0.1082,0.016,0
0.1084,0.024,0.002
0.1086,0.024,0
0.1088,0.02,0
0.109,0.024,0
0.1092,0.02,0
0.1094,0.024,0
0.1096,0.028,0
0.1098,0.024,0
0.11,0.028,0
0.1102,0.024,0
0.1104,0.028,0
0.1106,0.02,0
0.1108,0.024,0
0.111,0.028,0
0.1112,0.024,0
0.1114,0.028,0.002
0.1116,0.032,0
0.1118,0.02,0
0.112,0.02,0.002
0.1122,0.02,-0.002
0.1124,0.02,0
0.1126,0.024,0
0.1128,0.024,0
0.113,0.02,0
0.1132,0.024,0
0.1134,0.032,0
0.1136,0.024,0
0.1138,0.024,0.002
0.114,0.024,0
0.1142,0.02,-0.002
0.1144,0.028,0
0.1146,0.02,0
0.1148,0.02,0
0.115,0.02,0
0.1152,0.024,0
0.1154,0.02,0
0.1156,0.024,0
0.1158,0.02,0
0.116,0.016,0
0.1162,0.02,0
0.1164,0.02,0
0.1166,0.02,0
0.1168,0.024,0
0.117,0.02,-0.002
0.1172,0.02,0
0.1174,0.012,0
0.1176,0.02,0
0.1178,0.02,0
0.118,0.024,-0.002
0.1182,0.024,0
0.1184,0.024,0.002
0.1186,0.02,0
0.1188,0.016,-0.002
0.119,0.02,-0.002
0.1192,0.02,0
0.1194,0.024,0.002
0.1196,0.02,0
0.1198,0.02,0
0.12,0.02,0
0.1202,0.02,0
0.1204,0.024,0
0.1206,0.02,0
0.1208,0.016,0
0.121,0.02,0
0.1212,0.016,0
0.1214,0.02,0
0.1216,0.02,0
0.1218,0.02,0
0.122,0.02,0
0.1222,0.02,0
0.1224,0.02,-0.002
0.1226,0.024,0
0.1228,0.016,0
0.123,0.02,0
0.1232,0.016,0
0.1234,0.02,0
0.1236,0.016,0
0.1238,0.02,0
0.124,0.016,0
0.1242,0.016,0
0.1244,0.016,-0.002
0.1246,0.02,-0.002
0.1248,0.02,0
0.125,0.024,0
0.1252,0.016,0
0.1254,0.012,0
0.1256,0.02,0
0.1258,0.016,0
0.126,0.02,0.002
0.1262,0.02,0
0.1264,0.016,0
0.1266,0.02,-0.002
0.1268,0.016,0
0.127,0.016,0
0.1272,0.016,0
0.1274,0.016,0
0.1276,0.016,0
0.1278,0.016,0
0.128,0.016,0
0.1282,0.012,0
0.1284,0.016,0
0.1286,0.024,0
0.1288,0.016,0
0.129,0.012,0
0.1292,0.016,0
0.1294,0.02,0
0.1296,0.012,0
0.1298,0.016,0
0.13,0.016,0
0.1302,0.02,0
0.1304,0.02,0
0.1306,0,-0.002
0.1308,0.02,0.002
0.131,0.012,0
0.1312,0.02,0
0.1314,0.016,0
0.1316,0.008,0
0.1318,0.024,0
0.132,0.012,0
0.1322,0.016,0
0.1324,0.012,-0.002
0.1326,0.028,0
0.1328,0.016,0
0.133,0.016,0
0.1332,0.012,0
0.1334,0.016,0
0.1336,0.008,0
0.1338,0.016,0
0.134,0.016,0
0.1342,0.016,0
0.1344,0.016,0
0.1346,0.012,-0.002
0.1348,0.016,0
0.135,0.012,0
0.1352,0.012,0
0.1354,0.016,0
0.1356,0.012,0
0.1358,0.016,0
0.136,0.012,-0.002
0.1362,0.016,0
0.1364,0.012,0
0.1366,0.016,0
0.1368,0.016,0
0.137,0.012,0
0.1372,0.012,0
0.1374,0.016,0
0.1376,0.004,-0.002
0.1378,0.016,0
0.138,0.016,0
0.1382,0.012,0
0.1384,0.016,0.002
0.1386,0.02,0
0.1388,0.012,0
0.139,0.012,0
0.1392,0.012,0
0.1394,0.008,0
0.1396,0.02,0
0.1398,0.016,0
0.14,0.008,0
0.1402,0.012,0
0.1404,0.012,0
0.1406,0.012,-0.002
0.1408,0.012,0
0.141,0.012,-0.002
0.1412,0.008,0
0.1414,0.012,0
0.1416,0.012,0
0.1418,0.008,0
0.142,0.012,0
0.1422,0.016,0
0.1424,0.008,0
0.1426,0.016,-0.002
0.1428,0.012,-0.002
0.143,0.012,0
0.1432,0.004,0.002
0.1434,0.012,-0.002
0.1436,0.008,0
0.1438,0.008,0
0.144,0.012,0
0.1442,0.012,0
0.1444,0.016,0
0.1446,0.012,0.002
0.1448,0.008,0
0.145,0.016,0
0.1452,0,0
0.1454,0.004,0
0.1456,0.008,0
0.1458,0.012,0
0.146,0.016,0
0.1462,0.012,0
0.1464,0.012,0
0.1466,0.004,-0.002
0.1468,0.012,0
0.147,0.012,0
0.1472,0.004,0
0.1474,0.008,0
0.1476,0.004,0
0.1478,0.012,0
0.148,0.016,0
0.1482,0.012,0
0.1484,0.008,0
0.1486,0.008,-0.002
0.1488,0.008,0.002
0.149,0.008,0
0.1492,0.008,0
0.1494,0.008,0
0.1496,0.008,0
0.1498,0.012,0
0.15,0.008,0
0.1502,0.008,-0.002
0.1504,0.012,0
0.1506,0.012,0
0.1508,0.008,0
0.151,0.008,0
0.1512,0.012,0
0.1514,0.008,0
0.1516,0.008,0
0.1518,0.012,0.002
0.152,0.008,-0.002
0.1522,0.008,0
0.1524,0.012,0
0.1526,0.008,0
0.1528,0.012,0
0.153,0.016,0
0.1532,0.012,0
0.1534,0.012,0.002
0.1536,0.004,0
0.1538,0.008,0
0.154,0.012,0
0.1542,0.008,0
0.1544,0.008,0
0.1546,0.012,0
0.1548,0.008,0
0.155,0.004,0
0.1552,0.012,0
0.1554,0.008,0
0.1556,0.008,-0.002
0.1558,0.012,-0.002
0.156,0.008,0
0.1562,0.008,0
0.1564,0.008,-0.002
0.1566,0.008,0
0.1568,0.008,0
0.157,0.008,0
0.1572,0.012,0
0.1574,0.008,0
0.1576,0.008,0
0.1578,0.004,0
0.158,0.008,0
0.1582,0.008,0
0.1584,0.008,0
0.1586,0.012,0
0.1588,0.008,0
0.159,0.004,0
0.1592,0.008,0
0.1594,0.008,0
0.1596,0.008,0
0.1598,0.012,0
0.16,0.004,0
0.1602,0.004,0
0.1604,0.004,0
0.1606,0.008,0
0.1608,0.008,0
0.161,0,0
0.1612,0.012,0
0.1614,0,-0.002
0.1616,0.004,0
0.1618,0,0.002
0.162,0.004,0
0.1622,0.008,0
0.1624,0.004,0
0.1626,0.008,0
0.1628,0.004,0
0.163,0.016,0
0.1632,0.008,-0.002
0.1634,0.008,0
0.1636,0.004,0.002
0.1638,0.008,0
0.164,-0.008,0
0.1642,0.004,-0.002
0.1644,0.008,0
0.1646,0.004,0
0.1648,0.004,0
0.165,0.008,-0.002
0.1652,0.008,0
0.1654,0.004,0
0.1656,0.008,0
0.1658,0.004,0
0.166,0.004,-0.002
0.1662,0.008,0.002
0.1664,0.008,0
0.1666,0.004,0
0.1668,0.012,0
0.167,0.008,0.002
0.1672,0,0
0.1674,0.004,0.002
0.1676,0.004,0
0.1678,0.004,0
0.168,0.012,0
0.1682,0.004,0
0.1684,0.008,0.002
0.1686,0.004,0
0.1688,0.004,0
0.169,0.004,0
0.1692,0.008,0
0.1694,0.008,0
0.1696,0.008,0
0.1698,0,0
0.17,0.004,0
0.1702,0.004,0
0.1704,0.004,0
0.1706,0.008,0
0.1708,0.008,0
0.171,0.008,0
0.1712,0.004,0
0.1714,0,0
0.1716,0.004,0
0.1718,0.008,0
0.172,0.004,0
0.1722,0,-0.002
0.1724,0.004,-0.002
0.1726,0.008,0
0.1728,0.004,0
0.173,0,0
0.1732,0,0
0.1734,0,0
0.1736,0.008,0
0.1738,0.004,0
0.174,0.008,0
0.1742,0,0
0.1744,0.004,0
0.1746,0,0
0.1748,0,0
0.175,0.008,0
0.1752,0,0
0.1754,0.008,0
0.1756,0.004,0
0.1758,0,0
0.176,0,0
0.1762,0.008,0
0.1764,0.008,0
0.1766,0,0
0.1768,0.004,0
0.177,0,0
0.1772,0,-0.002
0.1774,0,0
0.1776,0.004,-0.002
0.1778,0.004,0
0.178,0.004,0
0.1782,0.004,0
0.1784,0.008,0
0.1786,0.004,0
0.1788,0.004,0
0.179,0,0
0.1792,0.004,0
0.1794,0.008,0
0.1796,0.004,-0.002
0.1798,0.004,0
0.18,0,-0.002
0.1802,0.004,-0.002
0.1804,0.004,0
0.1806,0.008,0
0.1808,0.004,0
0.181,0.004,0
0.1812,0.008,0
0.1814,0,0.002
0.1816,0.004,0
0.1818,0.008,0
0.182,0,0
0.1822,0.008,-0.002
0.1824,0.004,0
0.1826,0.004,0
0.1828,0,0
0.183,0.004,0
0.1832,0.004,-0.002
0.1834,0,0
0.1836,0.004,0
0.1838,0.008,0
0.184,0.004,0.002
0.1842,0.008,0
0.1844,0,0
0.1846,0.004,0
0.1848,0,0
0.185,0.008,0
0.1852,0.004,0
0.1854,0.008,0
0.1856,0.004,0
0.1858,0.004,0
0.186,0,0
0.1862,0.004,0
0.1864,0.004,0
0.1866,0,0
0.1868,0,-0.002
0.187,0,0
0.1872,0.004,0
0.1874,0.004,0
0.1876,0.004,0
0.1878,0.004,0
0.188,0.008,0
0.1882,0,-0.002
0.1884,0,0
0.1886,0.004,0
0.1888,0,0
0.189,0.004,0
0.1892,0.004,0
0.1894,0.004,0
0.1896,0.004,0
0.1898,0,0
0.19,0,0.002
0.1902,0,0
0.1904,0.008,0
0.1906,0,0
0.1908,0.004,0
0.191,0.004,0
0.1912,0,0
0.1914,0.004,-0.002
0.1916,0.008,0
0.1918,0.004,-0.002
0.192,0,0
0.1922,0.008,0
0.1924,0.008,0
0.1926,0.004,0
0.1928,0.004,-0.002
0.193,0,0
0.1932,0.004,0
0.1934,0.004,-0.002
0.1936,0.008,0
0.1938,0.004,0
0.194,0.004,0
0.1942,0.004,-0.002
0.1944,0.004,-0.002
0.1946,0.004,0
0.1948,-0.004,0
0.195,0,0
0.1952,0.008,0.002
0.1954,0,0
0.1956,0.004,0
0.1958,0,0
0.196,0.004,0
0.1962,-0.004,0
0.1964,0.004,0
0.1966,0,0
0.1968,0.008,0
0.197,0.004,0
0.1972,0.004,-0.002
0.1974,0.008,0
0.1976,0.004,-0.002
0.1978,0.004,0.002
0.198,0.004,0
0.1982,0.004,0
0.1984,0.004,0
0.1986,0,0
0.1988,0.004,-0.002
0.199,-0.004,0
0.1992,-0.004,-0.002
0.1994,0,0
0.1996,0.004,0
0.1998,0.004,0
0.2,0.004,0
0.2002,0,0
0.2004,0.004,0
0.2006,0.004,0
0.2008,0.004,0
0.201,0,0
0.2012,0,0
0.2014,0.004,0
0.2016,0,0
0.2018,0,0.002
0.202,0,0
0.2022,0.004,0
0.2024,0.004,0
0.2026,0.004,0
0.2028,0.004,0
0.203,0,0
0.2032,-0.004,-0.002
0.2034,0,0
0.2036,0.004,0.002
0.2038,0,0
0.204,0.004,0
0.2042,0.004,0
0.2044,-0.004,0
0.2046,0.004,0
0.2048,0.004,0
0.205,0,0
0.2052,0,0
0.2054,0.004,0
0.2056,0.004,0
0.2058,0,0
0.206,0.004,0.002
0.2062,0,0
0.2064,0.004,0
0.2066,0,0
0.2068,0,0
0.207,-0.004,0
0.2072,0.012,0
0.2074,0,0
0.2076,0,-0.002
0.2078,0.004,0
0.208,0,0
0.2082,0,0
0.2084,0.004,0
0.2086,0.004,0
0.2088,0,0
0.209,0.004,-0.002
0.2092,0,0
0.2094,0,0
0.2096,0,0
0.2098,0,0
0.21,0,0.002
0.2102,0,0
0.2104,-0.004,0
0.2106,0,0
0.2108,0.004,0
0.211,0,0
0.2112,0,0
0.2114,0.004,0
0.2116,-0.004,0.002
0.2118,0,0
0.212,0.008,0.002
0.2122,-0.004,0
0.2124,0,0
0.2126,0,0
0.2128,0,0
0.213,0.008,0
0.2132,0,0
0.2134,0,0
0.2136,0.004,0
0.2138,0,0
0.214,0,0
0.2142,0,0
0.2144,0.012,0
0.2146,0,0
0.2148,0,0
0.215,0,0
0.2152,0.004,0
0.2154,0.008,0
0.2156,0,-0.002
0.2158,0.004,0
0.216,0.004,0.002
0.2162,0,-0.002
0.2164,0,0
0.2166,0.004,0
0.2168,0,0
0.217,0,0
0.2172,0,0
0.2174,0,0
0.2176,0,0
0.2178,0,0
0.218,0,0
0.2182,0.004,0
0.2184,0,0
0.2186,0.004,0
0.2188,0,0
0.219,0,0
0.2192,0,-0.002
0.2194,-0.004,0
0.2196,0.004,0
0.2198,0.004,0
0.22,0.004,0.002
0.2202,0.004,0
0.2204,0,0
0.2206,0,0
0.2208,0,0
0.221,-0.004,0
0.2212,0,-0.002
0.2214,0,0
0.2216,0.004,0
0.2218,0,0
0.222,0,0
0.2222,0.008,0
0.2224,0.008,0
0.2226,0,0
0.2228,0.004,0
0.223,0.004,0
0.2232,0,0.002
0.2234,0.004,0
0.2236,0.008,0
0.2238,0.008,0
0.224,-0.004,-0.002
0.2242,0,0
0.2244,0,0
0.2246,-0.004,0
0.2248,0.004,0
0.225,-0.004,0
0.2252,0.004,0
0.2254,0,0
0.2256,0,0
0.2258,0.004,0
0.226,0.004,0
0.2262,-0.004,0
0.2264,0,0
0.2266,0,0
0.2268,0.004,0
0.227,0,0
0.2272,0,-0.002
0.2274,0.004,0
0.2276,0.004,0
0.2278,0,0
0.228,0,0
0.2282,0,0
0.2284,0.004,-0.002
0.2286,0,0
0.2288,0,0
0.229,0,0
0.2292,0.004,0
0.2294,0.004,0
0.2296,0.004,0
0.2298,0.004,0
0.23,0,-0.002
0.2302,0,0
0.2304,-0.004,0
0.2306,0.004,0
0.2308,-0.004,0
0.231,0.004,0.002
0.2312,0.008,0
0.2314,0.004,0
0.2316,0,0
0.2318,0.004,0
0.232,0.008,0
0.2322,0,0
0.2324,0.008,0
0.2326,0,0
0.2328,0,0
0.233,0,0
0.2332,-0.004,0
0.2334,0,0
0.2336,0.004,0.002
0.2338,0,0
0.234,0,0
0.2342,0,0
0.2344,-0.004,0
0.2346,0,0
0.2348,0,0
0.235,0,-0.002
0.2352,0.004,0
0.2354,0.004,0
0.2356,0,-0.002
0.2358,0,0
0.236,0.008,0
0.2362,0.004,0
0.2364,0,0
0.2366,0,-0.002
0.2368,0.004,0
0.237,0,-0.002
0.2372,0.004,0
0.2374,0,0
0.2376,0.004,0
0.2378,0.004,0
0.238,0.004,0
0.2382,0.004,0
0.2384,0.004,0.002
0.2386,0.004,0
0.2388,0,-0.002
0.239,0,0
0.2392,0,0
0.2394,0,0
0.2396,0.004,0
0.2398,0.004,0
0.24,0.004,0
0.2402,0,0
0.2404,0.004,0
0.2406,0.004,0
0.2408,0.004,0
0.241,0.008,0
0.2412,0.004,0
0.2414,0,0
0.2416,0.008,0
0.2418,0,0
0.242,0.004,0
0.2422,0.004,0
0.2424,0.008,0
0.2426,0.004,0
0.2428,0.008,0
0.243,0,0
0.2432,0.008,-0.002
0.2434,0.004,0
0.2436,0.004,0
0.2438,0.008,-0.002
0.244,0.004,0
0.2442,0.008,0
0.2444,0.008,0
0.2446,0,0.002
0.2448,0,0
0.245,0,0
0.2452,0.004,0
0.2454,0.004,0
0.2456,0.004,-0.002
0.2458,0,0
0.246,0.004,0
0.2462,0,0
0.2464,0.004,-0.002
0.2466,0,0
0.2468,0.008,0
0.247,0.004,0
0.2472,0,0
0.2474,0,0
0.2476,0.004,0
0.2478,0,0
0.248,-0.004,0
0.2482,0,0
0.2484,0.004,0
0.2486,0.004,0
0.2488,0,-0.002
0.249,0.004,0
0.2492,0.008,0
0.2494,0.004,0
0.2496,0.004,0
0.2498,0.012,0
