-0.00097,-3.52,-3.56
-0.000969,-3.44,-3.56
-0.000968,-3.44,-3.56
-0.000967,-3.44,-3.56
-0.000966,-3.36,-3.52
-0.000965,-3.36,-3.56
-0.000964,-3.28,-3.56
-0.000963,-3.28,-3.52
-0.000962,-3.28,-3.52
-0.000961,-3.2,-3.52
-0.00096,-3.2,-3.52
-0.000959,-3.12,-3.52
-0.000958,-3.12,-3.48
-0.000957,-3.04,-3.52
-0.000956,-3.04,-3.48
-0.000955,-3.04,-3.48
-0.000954,-2.96,-3.48
-0.000953,-2.96,-3.48
-0.000952,-2.96,-3.48
-0.000951,-2.88,-3.48
-0.00095,-2.88,-3.44
-0.000949,-2.88,-3.44
-0.000948,-2.8,-3.44
-0.000947,-2.8,-3.44
-0.000946,-2.72,-3.4
-0.000945,-2.72,-3.44
-0.000944,-2.64,-3.4
-0.000943,-2.64,-3.4
-0.000942,-2.64,-3.4
-0.000941,-2.56,-3.4
-0.00094,-2.56,-3.36
-0.000939,-2.48,-3.36
-0.000938,-2.48,-3.36
-0.000937,-2.48,-3.36
-0.000936,-2.4,-3.32
-0.000935,-2.32,-3.32
-0.000934,-2.24,-3.32
-0.000933,-2.32,-3.32
-0.000932,-2.24,-3.28
-0.000931,-2.16,-3.28
-0.00093,-2.16,-3.28
-0.000929,-2.16,-3.24
-0.000928,-2.16,-3.24
-0.000927,-2.08,-3.24
-0.000926,-2.08,-3.24
-0.000925,-2,-3.24
-0.000924,-1.92,-3.2
-0.000923,-1.92,-3.2
-0.000922,-1.92,-3.2
-0.000921,-1.84,-3.2
-0.00092,-1.84,-3.16
-0.000919,-1.76,-3.12
-0.000918,-1.76,-3.12
-0.000917,-1.68,-3.12
-0.000916,-1.68,-3.12
-0.000915,-1.6,-3.12
-0.000914,-1.52,-3.08
-0.000913,-1.52,-3.04
-0.000912,-1.52,-3.04
-0.000911,-1.44,-3
-0.00091,-1.44,-3
-0.000909,-1.36,-2.96
-0.000908,-1.36,-2.96
-0.000907,-1.28,-2.96
-0.000906,-1.28,-2.92
-0.000905,-1.2,-2.92
-0.000904,-1.2,-2.92
-0.000903,-1.12,-2.88
-0.000902,-1.12,-2.88
-0.000901,-1.12,-2.84
-0.0009,-1.04,-2.84
-0.000899,-1.04,-2.8
-0.000898,-0.96,-2.8
-0.000897,-0.96,-2.76
-0.000896,-0.88,-2.76
-0.000895,-0.88,-2.76
-0.000894,-0.8,-2.72
-0.000893,-0.72,-2.68
-0.000892,-0.72,-2.68
-0.000891,-0.64,-2.68
-0.00089,-0.64,-2.64
-0.000889,-0.56,-2.64
-0.000888,-0.56,-2.6
-0.000887,-0.48,-2.56
-0.000886,-0.48,-2.56
-0.000885,-0.4,-2.52
-0.000884,-0.4,-2.52
-0.000883,-0.32,-2.48
-0.000882,-0.32,-2.48
-0.000881,-0.24,-2.48
-0.00088,-0.24,-2.44
-0.000879,-0.16,-2.4
-0.000878,-0.16,-2.4
-0.000877,0,-2.4
-0.000876,0,-2.36
-0.000875,0,-2.36
-0.000874,0,-2.36
-0.000873,0.08,-2.28
-0.000872,0.16,-2.24
-0.000871,0.16,-2.28
-0.00087,0.24,-2.24
-0.000869,0.24,-2.2
-0.000868,0.24,-2.16
-0.000867,0.32,-2.16
-0.000866,0.32,-2.12
-0.000865,0.4,-2.12
-0.000864,0.4,-2.12
-0.000863,0.48,-2.04
-0.000862,0.48,-2.04
-0.000861,0.56,-2
-0.00086,0.64,-2
-0.000859,0.64,-1.96
-0.000858,0.64,-1.96
-0.000857,0.72,-1.92
-0.000856,0.8,-1.88
-0.000855,0.8,-1.88
-0.000854,0.8,-1.88
-0.000853,0.88,-1.84
-0.000852,0.96,-1.8
-0.000851,0.96,-1.76
-0.00085,0.96,-1.76
-0.000849,1.04,-1.72
-0.000848,1.12,-1.72
-0.000847,1.12,-1.68
-0.000846,1.12,-1.68
-0.000845,1.2,-1.64
-0.000844,1.2,-1.6
-0.000843,1.28,-1.56
-0.000842,1.28,-1.56
-0.000841,1.28,-1.52
-0.00084,1.36,-1.52
-0.000839,1.44,-1.52
-0.000838,1.52,-1.48
-0.000837,1.52,-1.44
-0.000836,1.52,-1.44
-0.000835,1.6,-1.4
-0.000834,1.68,-1.4
-0.000833,1.68,-1.32
-0.000832,1.68,-1.32
-0.000831,1.76,-1.32
-0.00083,1.76,-1.24
-0.000829,1.76,-1.2
-0.000828,1.84,-1.16
-0.000827,1.84,-1.16
-0.000826,1.92,-1.12
-0.000825,1.92,-1.12
-0.000824,2,-1.12
-0.000823,2,-1.08
-0.000822,2.08,-1.08
-0.000821,2.08,-1
-0.00082,2.08,-1
-0.000819,2.16,-0.96
-0.000818,2.24,-0.92
-0.000817,2.24,-0.92
-0.000816,2.24,-0.88
-0.000815,2.32,-0.88
-0.000814,2.32,-0.84
-0.000813,2.4,-0.8
-0.000812,2.4,-0.76
-0.000811,2.48,-0.76
-0.00081,2.48,-0.72
-0.000809,2.56,-0.68
-0.000808,2.56,-0.68
-0.000807,2.64,-0.64
-0.000806,2.64,-0.6
-0.000805,2.72,-0.6
-0.000804,2.72,-0.56
-0.000803,2.72,-0.56
-0.000802,2.8,-0.52
-0.000801,2.72,-0.48
-0.0008,2.8,-0.44
-0.000799,2.8,-0.44
-0.000798,2.88,-0.4
-0.000797,2.96,-0.36
-0.000796,2.96,-0.36
-0.000795,3.04,-0.32
-0.000794,3.04,-0.28
-0.000793,3.04,-0.24
-0.000792,3.12,-0.24
-0.000791,3.12,-0.2
-0.00079,3.12,-0.16
-0.000789,3.2,-0.16
-0.000788,3.2,-0.12
-0.000787,3.2,-0.08
-0.000786,3.28,-0.08
-0.000785,3.28,-0.04
-0.000784,3.36,0
-0.000783,3.36,0.04
-0.000782,3.44,0.04
-0.000781,3.44,0.08
-0.00078,3.44,0.12
-0.000779,3.44,0.12
-0.000778,3.52,0.12
-0.000777,3.52,0.16
-0.000776,3.52,0.2
-0.000775,3.6,0.28
-0.000774,3.6,0.28
-0.000773,3.6,0.32
-0.000772,3.6,0.36
-0.000771,3.68,0.36
-0.00077,3.76,0.4
-0.000769,3.76,0.4
-0.000768,3.76,0.44
-0.000767,3.84,0.44
-0.000766,3.84,0.52
-0.000765,3.84,0.52
-0.000764,3.92,0.56
-0.000763,3.92,0.56
-0.000762,3.92,0.6
-0.000761,4,0.64
-0.00076,4,0.68
-0.000759,4,0.68
-0.000758,4,0.72
-0.000757,4.08,0.76
-0.000756,4.08,0.8
-0.000755,4.08,0.8
-0.000754,4.08,0.84
-0.000753,4.16,0.84
-0.000752,4.16,0.88
-0.000751,4.16,0.92
-0.00075,4.24,0.92
-0.000749,4.16,0.96
-0.000748,4.24,0.96
-0.000747,4.24,1.04
-0.000746,4.24,1.04
-0.000745,4.32,1.08
-0.000744,4.32,1.08
-0.000743,4.32,1.12
-0.000742,4.4,1.16
-0.000741,4.4,1.16
-0.00074,4.4,1.2
-0.000739,4.4,1.24
-0.000738,4.4,1.24
-0.000737,4.48,1.28
-0.000736,4.56,1.32
-0.000735,4.56,1.32
-0.000734,4.56,1.36
-0.000733,4.56,1.4
-0.000732,4.56,1.4
-0.000731,4.56,1.44
-0.00073,4.56,1.44
-0.000729,4.56,1.44
-0.000728,4.64,1.52
-0.000727,4.64,1.56
-0.000726,4.64,1.56
-0.000725,4.64,1.6
-0.000724,4.64,1.6
-0.000723,4.72,1.64
-0.000722,4.64,1.64
-0.000721,4.72,1.68
-0.00072,4.72,1.72
-0.000719,4.8,1.72
-0.000718,4.72,1.76
-0.000717,4.8,1.8
-0.000716,4.72,1.84
-0.000715,4.8,1.84
-0.000714,4.8,1.88
-0.000713,4.8,1.88
-0.000712,4.8,1.92
-0.000711,4.8,1.92
-0.00071,4.88,1.96
-0.000709,4.8,1.96
-0.000708,4.88,2
-0.000707,4.88,2.04
-0.000706,4.88,2.04
-0.000705,4.88,2.08
-0.000704,4.88,2.12
-0.000703,4.88,2.12
-0.000702,4.88,2.12
-0.000701,4.88,2.16
-0.0007,4.88,2.2
-0.000699,4.88,2.2
-0.000698,4.88,2.24
-0.000697,4.96,2.24
-0.000696,4.96,2.28
-0.000695,4.96,2.32
-0.000694,4.96,2.32
-0.000693,4.88,2.36
-0.000692,4.88,2.4
-0.000691,4.96,2.4
-0.00069,4.96,2.4
-0.000689,4.88,2.44
-0.000688,4.96,2.44
-0.000687,4.96,2.48
-0.000686,4.96,2.52
-0.000685,4.96,2.52
-0.000684,4.96,2.52
-0.000683,4.96,2.6
-0.000682,4.88,2.6
-0.000681,4.96,2.6
-0.00068,4.96,2.6
-0.000679,4.96,2.64
-0.000678,4.96,2.64
-0.000677,4.96,2.64
-0.000676,4.96,2.68
-0.000675,4.96,2.68
-0.000674,4.88,2.72
-0.000673,4.96,2.76
-0.000672,4.96,2.76
-0.000671,4.96,2.76
-0.00067,4.96,2.84
-0.000669,4.96,2.84
-0.000668,4.96,2.84
-0.000667,4.88,2.84
-0.000666,4.88,2.88
-0.000665,4.96,2.88
-0.000664,4.88,2.92
-0.000663,4.96,2.92
-0.000662,4.88,2.96
-0.000661,4.88,2.96
-0.00066,4.88,2.96
-0.000659,4.88,3
-0.000658,4.8,3
-0.000657,4.88,3
-0.000656,4.8,3
-0.000655,4.88,3.04
-0.000654,4.8,3.04
-0.000653,4.8,3.12
-0.000652,4.8,3.08
-0.000651,4.8,3.12
-0.00065,4.8,3.12
-0.000649,4.8,3.12
-0.000648,4.8,3.16
-0.000647,4.8,3.16
-0.000646,4.72,3.16
-0.000645,4.72,3.2
-0.000644,4.72,3.2
-0.000643,4.72,3.24
-0.000642,4.72,3.24
-0.000641,4.64,3.24
-0.00064,4.64,3.24
-0.000639,4.64,3.24
-0.000638,4.56,3.28
-0.000637,4.64,3.28
-0.000636,4.56,3.32
-0.000635,4.64,3.32
-0.000634,4.56,3.36
-0.000633,4.56,3.36
-0.000632,4.56,3.32
-0.000631,4.48,3.36
-0.00063,4.48,3.4
-0.000629,4.48,3.4
-0.000628,4.4,3.4
-0.000627,4.48,3.4
-0.000626,4.4,3.4
-0.000625,4.4,3.4
-0.000624,4.4,3.4
-0.000623,4.4,3.44
-0.000622,4.32,3.44
-0.000621,4.32,3.4
-0.00062,4.32,3.44
-0.000619,4.32,3.48
-0.000618,4.24,3.48
-0.000617,4.24,3.44
-0.000616,4.24,3.44
-0.000615,4.16,3.48
-0.000614,4.24,3.48
-0.000613,4.16,3.44
-0.000612,4.16,3.52
-0.000611,4.08,3.48
-0.00061,4.08,3.52
-0.000609,4.08,3.48
-0.000608,4,3.52
-0.000607,4,3.52
-0.000606,4,3.52
-0.000605,4,3.52
-0.000604,4,3.52
-0.000603,3.92,3.52
-0.000602,3.92,3.52
-0.000601,3.92,3.52
-0.0006,3.92,3.56
-0.000599,3.76,3.56
-0.000598,3.76,3.52
-0.000597,3.76,3.52
-0.000596,3.76,3.56
-0.000595,3.76,3.56
-0.000594,3.68,3.56
-0.000593,3.68,3.52
-0.000592,3.6,3.56
-0.000591,3.6,3.56
-0.00059,3.6,3.56
-0.000589,3.52,3.56
-0.000588,3.52,3.56
-0.000587,3.52,3.52
-0.000586,3.44,3.56
-0.000585,3.44,3.52
-0.000584,3.44,3.56
-0.000583,3.44,3.52
-0.000582,3.36,3.52
-0.000581,3.36,3.52
-0.00058,3.28,3.52
-0.000579,3.28,3.52
-0.000578,3.28,3.52
-0.000577,3.2,3.52
-0.000576,3.2,3.52
-0.000575,3.12,3.52
-0.000574,3.12,3.52
-0.000573,3.12,3.48
-0.000572,3.04,3.48
-0.000571,3.04,3.48
-0.00057,3.04,3.48
-0.000569,2.96,3.48
-0.000568,2.88,3.44
-0.000567,2.88,3.48
-0.000566,2.88,3.48
-0.000565,2.8,3.48
-0.000564,2.72,3.44
-0.000563,2.72,3.44
-0.000562,2.72,3.44
-0.000561,2.72,3.44
-0.00056,2.64,3.44
-0.000559,2.64,3.4
-0.000558,2.56,3.4
-0.000557,2.56,3.4
-0.000556,2.56,3.4
-0.000555,2.48,3.4
-0.000554,2.48,3.36
-0.000553,2.4,3.36
-0.000552,2.4,3.36
-0.000551,2.4,3.36
-0.00055,2.32,3.36
-0.000549,2.24,3.36
-0.000548,2.24,3.32
-0.000547,2.24,3.28
-0.000546,2.16,3.28
-0.000545,2.16,3.28
-0.000544,2.08,3.28
-0.000543,2,3.24
-0.000542,2,3.24
-0.000541,2,3.24
-0.00054,1.84,3.24
-0.000539,1.84,3.2
-0.000538,1.84,3.2
-0.000537,1.84,3.2
-0.000536,1.84,3.16
-0.000535,1.76,3.16
-0.000534,1.76,3.12
-0.000533,1.68,3.12
-0.000532,1.68,3.12
-0.000531,1.6,3.12
-0.00053,1.52,3.08
-0.000529,1.52,3.08
-0.000528,1.52,3.04
-0.000527,1.44,3
-0.000526,1.44,3
-0.000525,1.36,3
-0.000524,1.28,2.96
-0.000523,1.28,2.96
-0.000522,1.28,2.96
-0.000521,1.2,2.96
-0.00052,1.12,2.96
-0.000519,1.12,2.92
-0.000518,1.12,2.88
-0.000517,1.04,2.88
-0.000516,1.04,2.88
-0.000515,1.04,2.88
-0.000514,0.96,2.84
-0.000513,0.96,2.8
-0.000512,0.88,2.8
-0.000511,0.8,2.76
-0.00051,0.8,2.72
-0.000509,0.8,2.72
-0.000508,0.72,2.72
-0.000507,0.64,2.68
-0.000506,0.72,2.68
-0.000505,0.56,2.68
-0.000504,0.48,2.64
-0.000503,0.48,2.6
-0.000502,0.48,2.6
-0.000501,0.4,2.6
-0.0005,0.4,2.56
-0.000499,0.32,2.56
-0.000498,0.24,2.52
-0.000497,0.24,2.52
-0.000496,0.24,2.48
-0.000495,0.24,2.48
-0.000494,0.16,2.44
-0.000493,0.16,2.44
-0.000492,0.08,2.4
-0.000491,0,2.36
-0.00049,-0.08,2.36
-0.000489,-0.08,2.32
-0.000488,-0.08,2.32
-0.000487,-0.08,2.28
-0.000486,-0.16,2.28
-0.000485,-0.24,2.24
-0.000484,-0.24,2.2
-0.000483,-0.32,2.2
-0.000482,-0.32,2.2
-0.000481,-0.4,2.16
-0.00048,-0.4,2.12
-0.000479,-0.48,2.12
-0.000478,-0.48,2.08
-0.000477,-0.48,2.04
-0.000476,-0.56,2.04
-0.000475,-0.64,2
-0.000474,-0.64,2
-0.000473,-0.72,1.96
-0.000472,-0.72,1.92
-0.000471,-0.8,1.88
-0.00047,-0.88,1.88
-0.000469,-0.88,1.88
-0.000468,-0.88,1.84
-0.000467,-0.96,1.84
-0.000466,-0.96,1.8
-0.000465,-1.04,1.8
-0.000464,-1.12,1.76
-0.000463,-1.2,1.72
-0.000462,-1.2,1.72
-0.000461,-1.2,1.72
-0.00046,-1.2,1.64
-0.000459,-1.28,1.64
-0.000458,-1.36,1.6
-0.000457,-1.36,1.6
-0.000456,-1.36,1.56
-0.000455,-1.44,1.56
-0.000454,-1.44,1.48
-0.000453,-1.52,1.48
-0.000452,-1.52,1.44
-0.000451,-1.52,1.44
-0.00045,-1.6,1.4
-0.000449,-1.68,1.36
-0.000448,-1.68,1.36
-0.000447,-1.84,1.32
-0.000446,-1.76,1.32
-0.000445,-1.84,1.28
-0.000444,-1.84,1.24
-0.000443,-1.84,1.2
-0.000442,-1.92,1.16
-0.000441,-2,1.2
-0.00044,-2,1.16
-0.000439,-2.08,1.12
-0.000438,-2.08,1.08
-0.000437,-2.08,1.08
-0.000436,-2.16,1.04
-0.000435,-2.16,1
-0.000434,-2.16,1
-0.000433,-2.24,0.96
-0.000432,-2.24,0.96
-0.000431,-2.32,0.92
-0.00043,-2.4,0.88
-0.000429,-2.4,0.84
-0.000428,-2.4,0.88
-0.000427,-2.48,0.8
-0.000426,-2.48,0.8
-0.000425,-2.56,0.76
-0.000424,-2.56,0.72
-0.000423,-2.64,0.68
-0.000422,-2.64,0.68
-0.000421,-2.64,0.64
-0.00042,-2.72,0.6
-0.000419,-2.72,0.6
-0.000418,-2.8,0.56
-0.000417,-2.8,0.52
-0.000416,-2.88,0.52
-0.000415,-2.88,0.48
-0.000414,-2.88,0.44
-0.000413,-2.96,0.44
-0.000412,-2.96,0.4
-0.000411,-2.96,0.36
-0.00041,-3.04,0.32
-0.000409,-3.04,0.32
-0.000408,-3.04,0.28
-0.000407,-3.12,0.28
-0.000406,-3.12,0.24
-0.000405,-3.2,0.2
-0.000404,-3.28,0.16
-0.000403,-3.28,0.12
-0.000402,-3.28,0.12
-0.000401,-3.28,0.08
-0.0004,-3.36,0.08
-0.000399,-3.36,0.04
-0.000398,-3.44,0
-0.000397,-3.44,-0.04
-0.000396,-3.44,-0.04
-0.000395,-3.52,-0.08
-0.000394,-3.52,-0.12
-0.000393,-3.52,-0.12
-0.000392,-3.6,-0.16
-0.000391,-3.6,-0.16
-0.00039,-3.68,-0.24
-0.000389,-3.68,-0.24
-0.000388,-3.68,-0.28
-0.000387,-3.76,-0.32
-0.000386,-3.76,-0.36
-0.000385,-3.76,-0.36
-0.000384,-3.76,-0.4
-0.000383,-3.84,-0.44
-0.000382,-3.84,-0.44
-0.000381,-3.84,-0.48
-0.00038,-3.84,-0.52
-0.000379,-4,-0.56
-0.000378,-3.92,-0.6
-0.000377,-4,-0.6
-0.000376,-4,-0.64
-0.000375,-4.08,-0.68
-0.000374,-4,-0.68
-0.000373,-4.08,-0.72
-0.000372,-4.08,-0.72
-0.000371,-4.08,-0.76
-0.00037,-4.16,-0.76
-0.000369,-4.16,-0.84
-0.000368,-4.16,-0.84
-0.000367,-4.24,-0.84
-0.000366,-4.24,-0.92
-0.000365,-4.24,-0.92
-0.000364,-4.32,-0.96
-0.000363,-4.32,-1
-0.000362,-4.32,-1
-0.000361,-4.32,-1
-0.00036,-4.32,-1.08
-0.000359,-4.4,-1.08
-0.000358,-4.4,-1.12
-0.000357,-4.4,-1.12
-0.000356,-4.4,-1.16
-0.000355,-4.4,-1.2
-0.000354,-4.48,-1.2
-0.000353,-4.48,-1.24
-0.000352,-4.48,-1.28
-0.000351,-4.56,-1.28
-0.00035,-4.56,-1.32
-0.000349,-4.56,-1.36
-0.000348,-4.56,-1.4
-0.000347,-4.56,-1.4
-0.000346,-4.56,-1.44
-0.000345,-4.64,-1.48
-0.000344,-4.64,-1.48
-0.000343,-4.64,-1.52
-0.000342,-4.56,-1.52
-0.000341,-4.64,-1.56
-0.00034,-4.72,-1.6
-0.000339,-4.72,-1.6
-0.000338,-4.72,-1.64
-0.000337,-4.72,-1.64
-0.000336,-4.72,-1.68
-0.000335,-4.72,-1.72
-0.000334,-4.72,-1.72
-0.000333,-4.8,-1.72
-0.000332,-4.8,-1.76
-0.000331,-4.8,-1.84
-0.00033,-4.8,-1.84
-0.000329,-4.8,-1.84
-0.000328,-4.8,-1.88
-0.000327,-4.8,-1.92
-0.000326,-4.8,-1.92
-0.000325,-4.88,-1.96
-0.000324,-4.8,-1.96
-0.000323,-4.8,-2
-0.000322,-4.88,-2
-0.000321,-4.88,-2.04
-0.00032,-4.88,-2.04
-0.000319,-4.88,-2.12
-0.000318,-4.88,-2.12
-0.000317,-4.88,-2.16
-0.000316,-4.88,-2.2
-0.000315,-4.96,-2.2
-0.000314,-4.96,-2.2
-0.000313,-4.96,-2.24
-0.000312,-4.96,-2.24
-0.000311,-4.96,-2.28
-0.00031,-4.96,-2.32
-0.000309,-4.88,-2.36
-0.000308,-4.88,-2.36
-0.000307,-4.96,-2.4
-0.000306,-4.96,-2.4
-0.000305,-4.96,-2.44
-0.000304,-4.96,-2.44
-0.000303,-4.96,-2.44
-0.000302,-4.96,-2.48
-0.000301,-4.96,-2.52
-0.0003,-4.96,-2.52
-0.000299,-4.96,-2.52
-0.000298,-4.96,-2.6
-0.000297,-4.96,-2.6
-0.000296,-4.96,-2.6
-0.000295,-4.96,-2.6
-0.000294,-4.96,-2.64
-0.000293,-4.96,-2.64
-0.000292,-4.96,-2.68
-0.000291,-4.96,-2.72
-0.00029,-4.96,-2.72
-0.000289,-4.96,-2.72
-0.000288,-4.96,-2.76
-0.000287,-4.96,-2.76
-0.000286,-4.96,-2.8
-0.000285,-4.96,-2.8
-0.000284,-4.96,-2.8
-0.000283,-4.96,-2.84
-0.000282,-4.88,-2.88
-0.000281,-4.88,-2.92
-0.00028,-4.88,-2.88
-0.000279,-4.88,-2.92
-0.000278,-4.88,-2.96
-0.000277,-4.88,-2.96
-0.000276,-4.88,-2.96
-0.000275,-4.88,-3
-0.000274,-4.88,-3
-0.000273,-4.88,-3.04
-0.000272,-4.8,-3.04
-0.000271,-4.88,-3.04
-0.00027,-4.8,-3.08
-0.000269,-4.88,-3.08
-0.000268,-4.8,-3.12
-0.000267,-4.8,-3.08
-0.000266,-4.8,-3.12
-0.000265,-4.8,-3.16
-0.000264,-4.8,-3.16
-0.000263,-4.8,-3.16
-0.000262,-4.72,-3.2
-0.000261,-4.72,-3.2
-0.00026,-4.72,-3.2
-0.000259,-4.72,-3.24
-0.000258,-4.72,-3.24
-0.000257,-4.64,-3.24
-0.000256,-4.72,-3.24
-0.000255,-4.72,-3.28
-0.000254,-4.64,-3.24
-0.000253,-4.64,-3.28
-0.000252,-4.64,-3.28
-0.000251,-4.56,-3.28
-0.00025,-4.56,-3.32
-0.000249,-4.56,-3.32
-0.000248,-4.56,-3.32
-0.000247,-4.56,-3.36
-0.000246,-4.56,-3.32
-0.000245,-4.48,-3.36
-0.000244,-4.56,-3.4
-0.000243,-4.48,-3.4
-0.000242,-4.48,-3.4
-0.000241,-4.48,-3.4
-0.00024,-4.4,-3.4
-0.000239,-4.4,-3.44
-0.000238,-4.4,-3.44
-0.000237,-4.32,-3.44
-0.000236,-4.32,-3.44
-0.000235,-4.32,-3.44
-0.000234,-4.32,-3.48
-0.000233,-4.32,-3.48
-0.000232,-4.24,-3.48
-0.000231,-4.24,-3.48
-0.00023,-4.24,-3.48
-0.000229,-4.24,-3.48
-0.000228,-4.16,-3.48
-0.000227,-4.16,-3.48
-0.000226,-4.16,-3.48
-0.000225,-4.08,-3.52
-0.000224,-4.08,-3.52
-0.000223,-4.08,-3.52
-0.000222,-4.08,-3.52
-0.000221,-4,-3.52
-0.00022,-4,-3.52
-0.000219,-4,-3.52
-0.000218,-4,-3.52
-0.000217,-3.92,-3.52
-0.000216,-3.92,-3.52
-0.000215,-3.84,-3.56
-0.000214,-3.84,-3.56
-0.000213,-3.84,-3.52
-0.000212,-3.76,-3.56
-0.000211,-3.76,-3.56
-0.00021,-3.76,-3.6
-0.000209,-3.68,-3.56
-0.000208,-3.68,-3.56
-0.000207,-3.68,-3.56
-0.000206,-3.68,-3.56
-0.000205,-3.6,-3.56
-0.000204,-3.6,-3.56
-0.000203,-3.6,-3.56
-0.000202,-3.52,-3.56
-0.000201,-3.52,-3.56
-0.0002,-3.44,-3.56
-0.000199,-3.44,-3.56
-0.000198,-3.44,-3.52
-0.000197,-3.44,-3.52
-0.000196,-3.36,-3.56
-0.000195,-3.36,-3.56
-0.000194,-3.36,-3.52
-0.000193,-3.28,-3.52
-0.000192,-3.28,-3.52
-0.000191,-3.2,-3.52
-0.00019,-3.12,-3.52
-0.000189,-3.12,-3.52
-0.000188,-3.04,-3.52
-0.000187,-3.04,-3.48
-0.000186,-3.04,-3.48
-0.000185,-2.96,-3.48
-0.000184,-3.04,-3.48
-0.000183,-2.96,-3.48
-0.000182,-2.88,-3.48
-0.000181,-2.88,-3.48
-0.00018,-2.88,-3.44
-0.000179,-2.8,-3.44
-0.000178,-2.8,-3.44
-0.000177,-2.8,-3.44
-0.000176,-2.72,-3.44
-0.000175,-2.64,-3.4
-0.000174,-2.64,-3.44
-0.000173,-2.64,-3.44
-0.000172,-2.64,-3.4
-0.000171,-2.56,-3.4
-0.00017,-2.56,-3.36
-0.000169,-2.48,-3.36
-0.000168,-2.48,-3.36
-0.000167,-2.4,-3.32
-0.000166,-2.4,-3.32
-0.000165,-2.32,-3.32
-0.000164,-2.24,-3.32
-0.000163,-2.24,-3.28
-0.000162,-2.24,-3.28
-0.000161,-2.16,-3.28
-0.00016,-2.16,-3.28
-0.000159,-2.08,-3.24
-0.000158,-2.08,-3.24
-0.000157,-2.08,-3.24
-0.000156,-2,-3.24
-0.000155,-2,-3.2
-0.000154,-1.92,-3.2
-0.000153,-1.92,-3.2
-0.000152,-1.84,-3.2
-0.000151,-1.76,-3.16
-0.00015,-1.76,-3.16
-0.000149,-1.76,-3.16
-0.000148,-1.68,-3.12
-0.000147,-1.68,-3.12
-0.000146,-1.52,-3.08
-0.000145,-1.6,-3.08
-0.000144,-1.52,-3.08
-0.000143,-1.52,-3.04
-0.000142,-1.44,-3
-0.000141,-1.44,-3
-0.00014,-1.36,-3
-0.000139,-1.36,-2.96
-0.000138,-1.36,-2.96
-0.000137,-1.28,-2.96
-0.000136,-1.28,-2.92
-0.000135,-1.28,-2.92
-0.000134,-1.12,-2.92
-0.000133,-1.12,-2.88
-0.000132,-1.04,-2.84
-0.000131,-1.04,-2.84
-0.00013,-1.04,-2.84
-0.000129,-0.96,-2.8
-0.000128,-0.96,-2.76
-0.000127,-0.88,-2.76
-0.000126,-0.8,-2.72
-0.000125,-0.8,-2.72
-0.000124,-0.8,-2.72
-0.000123,-0.72,-2.68
-0.000122,-0.72,-2.68
-0.000121,-0.64,-2.64
-0.00012,-0.56,-2.64
-0.000119,-0.48,-2.6
-0.000118,-0.48,-2.6
-0.000117,-0.48,-2.56
-0.000116,-0.4,-2.56
-0.000115,-0.4,-2.56
-0.000114,-0.32,-2.48
-0.000113,-0.32,-2.48
-0.000112,-0.32,-2.44
-0.000111,-0.24,-2.44
-0.00011,-0.16,-2.4
-0.000109,-0.16,-2.4
-0.000108,-0.08,-2.4
-0.000107,0,-2.4
-0.000106,0,-2.36
-0.000105,0.08,-2.32
-0.000104,0.08,-2.28
-0.000103,0.16,-2.28
-0.000102,0.16,-2.24
-0.000101,0.24,-2.24
-0.0001,0.24,-2.24
-9.9e-05,0.24,-2.2
-9.8e-05,0.32,-2.16
-9.7e-05,0.4,-2.16
-9.6e-05,0.4,-2.12
-9.5e-05,0.48,-2.12
-9.4e-05,0.48,-2.08
-9.3e-05,0.48,-2
-9.2e-05,0.56,-2
-9.1e-05,0.56,-2
-9e-05,0.64,-2
-8.9e-05,0.72,-1.96
-8.8e-05,0.72,-1.92
-8.7e-05,0.8,-1.92
-8.6e-05,0.8,-1.92
-8.5e-05,0.88,-1.84
-8.4e-05,0.88,-1.84
-8.3e-05,0.96,-1.84
-8.2e-05,0.96,-1.8
-8.1e-05,1.04,-1.76
-8e-05,1.04,-1.72
-7.9e-05,1.04,-1.72
-7.8e-05,1.04,-1.68
-7.7e-05,1.12,-1.68
-7.6e-05,1.12,-1.64
-7.5e-05,1.2,-1.64
-7.4e-05,1.2,-1.6
-7.3e-05,1.28,-1.52
-7.2e-05,1.28,-1.56
-7.1e-05,1.36,-1.52
-7e-05,1.36,-1.48
-6.9e-05,1.44,-1.44
-6.8e-05,1.52,-1.44
-6.7e-05,1.52,-1.44
-6.6e-05,1.6,-1.4
-6.5e-05,1.6,-1.4
-6.4e-05,1.68,-1.36
-6.3e-05,1.68,-1.32
-6.2e-05,1.76,-1.28
-6.1e-05,1.76,-1.24
-6e-05,1.76,-1.24
-5.9e-05,1.84,-1.2
-5.8e-05,1.84,-1.2
-5.7e-05,1.92,-1.16
-5.6e-05,1.92,-1.12
-5.5e-05,1.92,-1.12
-5.4e-05,2,-1.08
-5.3e-05,2,-1.08
-5.2e-05,2.08,-1.04
-5.1e-05,2.16,-1
-5e-05,2.16,-0.96
-4.9e-05,2.24,-0.96
-4.8e-05,2.24,-0.92
-4.7e-05,2.24,-0.88
-4.6e-05,2.32,-0.88
-4.5e-05,2.32,-0.88
-4.4e-05,2.4,-0.84
-4.3e-05,2.4,-0.76
-4.2e-05,2.48,-0.76
-4.1e-05,2.48,-0.72
-4e-05,2.56,-0.68
-3.9e-05,2.56,-0.68
-3.8e-05,2.56,-0.64
-3.7e-05,2.64,-0.64
-3.6e-05,2.72,-0.6
-3.5e-05,2.64,-0.56
-3.4e-05,2.72,-0.56
-3.3e-05,2.72,-0.52
-3.2e-05,2.8,-0.48
-3.1e-05,2.8,-0.48
-3e-05,2.8,-0.44
-2.9e-05,2.88,-0.4
-2.8e-05,2.88,-0.4
-2.7e-05,2.88,-0.36
-2.6e-05,3.04,-0.32
-2.5e-05,3.04,-0.32
-2.4e-05,3.04,-0.24
-2.3e-05,3.12,-0.24
-2.2e-05,3.12,-0.2
-2.1e-05,3.2,-0.16
-2e-05,3.2,-0.16
-1.9e-05,3.2,-0.16
-1.8e-05,3.2,-0.12
-1.7e-05,3.28,-0.08
-1.6e-05,3.36,-0.04
-1.5e-05,3.28,0
-1.4e-05,3.36,0
-1.3e-05,3.36,0.04
-1.2e-05,3.44,0.08
-1.1e-05,3.44,0.12
-1e-05,3.52,0.12
-9e-06,3.52,0.16
-8e-06,3.52,0.16
-7e-06,3.52,0.2
-6e-06,3.6,0.24
-5e-06,3.52,0.28
-4e-06,3.6,0.28
-3e-06,3.68,0.36
-2e-06,3.68,0.32
-1e-06,3.76,0.4
-1.0842e-19,3.76,0.4
1e-06,3.76,0.44
2e-06,3.84,0.48
3e-06,3.84,0.48
4e-06,3.84,0.52
5e-06,3.84,0.52
6e-06,3.84,0.56
7e-06,3.92,0.6
8e-06,3.92,0.6
9e-06,3.92,0.68
1e-05,4,0.68
1.1e-05,4,0.72
1.2e-05,4.08,0.72
1.3e-05,4.08,0.76
1.4e-05,4.08,0.8
1.5e-05,4.08,0.84
1.6e-05,4.16,0.84
1.7e-05,4.16,0.88
1.8e-05,4.16,0.92
1.9e-05,4.16,0.92
2e-05,4.16,0.96
2.1e-05,4.24,0.96
2.2e-05,4.24,1
2.3e-05,4.32,1.04
2.4e-05,4.32,1.08
2.5e-05,4.32,1.08
2.6e-05,4.32,1.12
2.7e-05,4.4,1.12
2.8e-05,4.4,1.16
2.9e-05,4.4,1.2
3e-05,4.4,1.2
3.1e-05,4.4,1.24
3.2e-05,4.48,1.28
3.3e-05,4.48,1.32
3.4e-05,4.48,1.36
3.5e-05,4.56,1.36
3.6e-05,4.48,1.36
3.7e-05,4.56,1.4
3.8e-05,4.56,1.4
3.9e-05,4.56,1.48
4e-05,4.56,1.48
4.1e-05,4.64,1.48
4.2e-05,4.64,1.52
4.3e-05,4.64,1.56
4.4e-05,4.72,1.56
4.5e-05,4.64,1.64
4.6e-05,4.64,1.64
4.7e-05,4.72,1.68
4.8e-05,4.72,1.68
4.9e-05,4.72,1.72
5e-05,4.72,1.72
5.1e-05,4.72,1.76
5.2e-05,4.72,1.76
5.3e-05,4.8,1.8
5.4e-05,4.8,1.84
5.5e-05,4.8,1.84
5.6e-05,4.8,1.88
5.7e-05,4.8,1.88
5.8e-05,4.8,1.92
5.9e-05,4.88,1.96
6e-05,4.8,1.96
6.1e-05,4.88,2
6.2e-05,4.88,2.04
6.3e-05,4.8,2.04
6.4e-05,4.88,2.08
6.5e-05,4.88,2.08
6.6e-05,4.88,2.12
6.7e-05,4.88,2.12
6.8e-05,4.88,2.16
6.9e-05,4.96,2.16
7e-05,4.88,2.2
7.1e-05,4.96,2.24
7.2e-05,4.96,2.24
7.3e-05,4.88,2.32
7.4e-05,4.88,2.32
7.5e-05,4.96,2.32
7.6e-05,4.96,2.36
7.7e-05,4.96,2.36
7.8e-05,4.96,2.4
7.9e-05,4.96,2.44
8e-05,4.96,2.4
8.1e-05,4.96,2.44
8.2e-05,4.88,2.48
8.3e-05,4.96,2.48
8.4e-05,4.96,2.52
8.5e-05,4.96,2.56
8.6e-05,4.96,2.56
8.7e-05,4.96,2.56
8.8e-05,4.96,2.6
8.9e-05,4.96,2.6
9e-05,4.96,2.64
9.1e-05,4.96,2.64
9.2e-05,4.96,2.68
9.3e-05,4.96,2.68
9.4e-05,4.96,2.72
9.5e-05,4.96,2.72
9.6e-05,4.96,2.76
9.7e-05,4.88,2.76
9.8e-05,4.96,2.76
9.9e-05,4.96,2.8
0.0001,4.96,2.84
0.000101,4.96,2.84
0.000102,4.88,2.88
0.000103,4.96,2.88
0.000104,4.88,2.88
0.000105,4.88,2.92
0.000106,4.88,2.88
0.000107,4.88,2.92
0.000108,4.88,2.96
0.000109,4.88,2.96
0.00011,4.88,2.96
0.000111,4.88,3
0.000112,4.88,3
0.000113,4.8,3
0.000114,4.8,3.04
0.000115,4.8,3.04
0.000116,4.8,3.08
0.000117,4.8,3.08
0.000118,4.8,3.12
0.000119,4.8,3.12
0.00012,4.72,3.16
0.000121,4.8,3.12
0.000122,4.72,3.16
0.000123,4.72,3.16
0.000124,4.72,3.2
0.000125,4.72,3.2
0.000126,4.72,3.24
0.000127,4.72,3.24
0.000128,4.64,3.24
0.000129,4.64,3.24
0.00013,4.64,3.24
0.000131,4.64,3.28
0.000132,4.64,3.28
0.000133,4.64,3.28
0.000134,4.56,3.28
0.000135,4.56,3.36
0.000136,4.56,3.36
0.000137,4.56,3.36
0.000138,4.56,3.36
0.000139,4.56,3.36
0.00014,4.48,3.36
0.000141,4.48,3.4
0.000142,4.48,3.4
0.000143,4.4,3.4
0.000144,4.4,3.4
0.000145,4.4,3.4
0.000146,4.4,3.44
0.000147,4.32,3.4
0.000148,4.32,3.44
0.000149,4.32,3.44
0.00015,4.24,3.44
0.000151,4.24,3.44
0.000152,4.24,3.48
0.000153,4.24,3.48
0.000154,4.24,3.44
0.000155,4.16,3.48
0.000156,4.16,3.48
0.000157,4.16,3.48
0.000158,4.16,3.52
0.000159,4.08,3.48
0.00016,4.08,3.48
0.000161,4,3.52
0.000162,4,3.52
0.000163,4,3.52
0.000164,4,3.52
0.000165,4,3.52
0.000166,3.92,3.52
0.000167,3.92,3.52
0.000168,3.92,3.52
0.000169,3.92,3.52
0.00017,3.84,3.52
0.000171,3.76,3.56
0.000172,3.84,3.52
0.000173,3.76,3.52
0.000174,3.68,3.52
0.000175,3.68,3.52
0.000176,3.68,3.52
0.000177,3.6,3.52
0.000178,3.6,3.56
0.000179,3.6,3.52
0.00018,3.52,3.52
0.000181,3.52,3.56
0.000182,3.52,3.52
0.000183,3.52,3.52
0.000184,3.44,3.52
0.000185,3.44,3.56
0.000186,3.36,3.52
0.000187,3.36,3.56
0.000188,3.36,3.52
0.000189,3.36,3.52
0.00019,3.28,3.52
0.000191,3.28,3.52
0.000192,3.28,3.52
0.000193,3.2,3.52
0.000194,3.12,3.52
0.000195,3.12,3.52
0.000196,3.12,3.52
0.000197,3.04,3.52
0.000198,3.04,3.48
0.000199,3.04,3.48
0.0002,2.96,3.48
0.000201,3.04,3.48
0.000202,2.88,3.48
0.000203,2.8,3.48
0.000204,2.8,3.48
0.000205,2.8,3.44
0.000206,2.72,3.44
0.000207,2.72,3.44
0.000208,2.72,3.44
0.000209,2.64,3.44
0.00021,2.64,3.44
0.000211,2.56,3.4
0.000212,2.56,3.4
0.000213,2.56,3.4
0.000214,2.48,3.4
0.000215,2.48,3.4
0.000216,2.4,3.36
0.000217,2.4,3.36
0.000218,2.4,3.36
0.000219,2.32,3.36
0.00022,2.24,3.36
0.000221,2.24,3.32
0.000222,2.16,3.32
0.000223,2.16,3.28
0.000224,2.08,3.28
0.000225,2.08,3.28
0.000226,2.08,3.28
0.000227,2,3.24
0.000228,2,3.24
0.000229,1.92,3.24
0.00023,1.92,3.2
0.000231,1.84,3.2
0.000232,1.84,3.16
0.000233,1.84,3.16
0.000234,1.76,3.16
0.000235,1.76,3.16
0.000236,1.68,3.16
0.000237,1.68,3.12
0.000238,1.6,3.12
0.000239,1.6,3.08
0.00024,1.6,3.08
0.000241,1.52,3.04
0.000242,1.52,3.04
0.000243,1.44,3
0.000244,1.36,3
0.000245,1.36,3
0.000246,1.28,2.96
0.000247,1.28,2.96
0.000248,1.2,2.96
0.000249,1.2,2.92
0.00025,1.2,2.88
0.000251,1.12,2.88
0.000252,1.04,2.92
0.000253,1.04,2.84
0.000254,1.04,2.84
0.000255,0.96,2.84
0.000256,0.96,2.8
0.000257,0.96,2.8
0.000258,0.8,2.76
0.000259,0.8,2.76
0.00026,0.8,2.72
0.000261,0.72,2.72
0.000262,0.64,2.68
0.000263,0.64,2.68
0.000264,0.56,2.68
0.000265,0.56,2.64
0.000266,0.48,2.64
0.000267,0.48,2.6
0.000268,0.48,2.6
0.000269,0.4,2.6
0.00027,0.32,2.56
0.000271,0.32,2.52
0.000272,0.24,2.52
0.000273,0.24,2.48
0.000274,0.24,2.48
0.000275,0.16,2.44
0.000276,0.16,2.44
0.000277,0.08,2.4
0.000278,0.08,2.4
0.000279,0,2.36
0.00028,-0.08,2.32
0.000281,-0.08,2.32
0.000282,-0.16,2.32
0.000283,-0.16,2.28
0.000284,-0.24,2.24
0.000285,-0.24,2.24
0.000286,-0.32,2.2
0.000287,-0.32,2.2
0.000288,-0.4,2.16
0.000289,-0.4,2.16
0.00029,-0.48,2.12
0.000291,-0.48,2.08
0.000292,-0.56,2.04
0.000293,-0.56,2
0.000294,-0.64,2.04
0.000295,-0.64,2
0.000296,-0.72,1.96
0.000297,-0.72,1.96
0.000298,-0.8,1.92
0.000299,-0.8,1.92
0.0003,-0.8,1.88
0.000301,-0.96,1.84
0.000302,-0.96,1.84
0.000303,-1.04,1.84
0.000304,-1.04,1.8
0.000305,-1.12,1.76
0.000306,-1.12,1.72
0.000307,-1.2,1.72
0.000308,-1.2,1.68
0.000309,-1.28,1.64
0.00031,-1.28,1.64
0.000311,-1.28,1.6
0.000312,-1.36,1.6
0.000313,-1.36,1.56
0.000314,-1.44,1.56
0.000315,-1.44,1.48
0.000316,-1.44,1.48
0.000317,-1.52,1.48
0.000318,-1.6,1.44
0.000319,-1.68,1.4
0.00032,-1.68,1.4
0.000321,-1.76,1.36
0.000322,-1.76,1.36
0.000323,-1.76,1.32
0.000324,-1.84,1.28
0.000325,-1.84,1.24
0.000326,-1.92,1.24
0.000327,-1.92,1.2
0.000328,-1.92,1.16
0.000329,-2,1.16
0.00033,-2.08,1.12
0.000331,-2.08,1.08
0.000332,-2.08,1.08
0.000333,-2.16,1.04
0.000334,-2.16,1
0.000335,-2.24,0.96
0.000336,-2.24,0.96
0.000337,-2.24,0.92
0.000338,-2.32,0.92
0.000339,-2.32,0.88
0.00034,-2.4,0.88
0.000341,-2.4,0.84
0.000342,-2.48,0.8
0.000343,-2.56,0.8
0.000344,-2.56,0.76
0.000345,-2.56,0.72
0.000346,-2.64,0.68
0.000347,-2.64,0.68
0.000348,-2.64,0.64
0.000349,-2.72,0.64
0.00035,-2.72,0.6
0.000351,-2.8,0.56
0.000352,-2.8,0.56
0.000353,-2.8,0.52
0.000354,-2.88,0.48
0.000355,-2.88,0.44
0.000356,-2.88,0.44
0.000357,-2.96,0.4
0.000358,-2.96,0.36
0.000359,-3.04,0.36
0.00036,-3.04,0.32
0.000361,-3.04,0.28
0.000362,-3.12,0.28
0.000363,-3.2,0.2
0.000364,-3.2,0.2
0.000365,-3.2,0.16
0.000366,-3.2,0.12
0.000367,-3.28,0.12
0.000368,-3.28,0.08
0.000369,-3.28,0.08
0.00037,-3.36,0.04
0.000371,-3.44,0.04
0.000372,-3.44,-0.04
0.000373,-3.44,-0.04
0.000374,-3.52,-0.08
0.000375,-3.52,-0.12
0.000376,-3.52,-0.12
0.000377,-3.52,-0.12
0.000378,-3.6,-0.2
0.000379,-3.6,-0.2
0.00038,-3.68,-0.24
0.000381,-3.68,-0.28
0.000382,-3.68,-0.32
0.000383,-3.76,-0.32
0.000384,-3.76,-0.36
0.000385,-3.76,-0.4
0.000386,-3.76,-0.44
0.000387,-3.84,-0.44
0.000388,-3.84,-0.48
0.000389,-3.84,-0.48
0.00039,-3.84,-0.52
0.000391,-3.92,-0.56
0.000392,-4,-0.6
0.000393,-4,-0.6
0.000394,-4,-0.64
0.000395,-4.08,-0.68
0.000396,-4.08,-0.72
0.000397,-4.16,-0.72
0.000398,-4.08,-0.72
0.000399,-4.16,-0.76
0.0004,-4.16,-0.8
0.000401,-4.16,-0.84
0.000402,-4.16,-0.84
0.000403,-4.24,-0.88
0.000404,-4.24,-0.92
0.000405,-4.32,-0.96
0.000406,-4.32,-0.96
0.000407,-4.32,-1
0.000408,-4.32,-1
0.000409,-4.32,-1.04
0.00041,-4.32,-1.08
0.000411,-4.4,-1.12
0.000412,-4.4,-1.12
0.000413,-4.4,-1.16
0.000414,-4.4,-1.2
0.000415,-4.4,-1.2
0.000416,-4.48,-1.24
0.000417,-4.48,-1.24
0.000418,-4.48,-1.32
0.000419,-4.48,-1.36
0.00042,-4.56,-1.36
0.000421,-4.56,-1.36
0.000422,-4.56,-1.4
0.000423,-4.64,-1.4
0.000424,-4.64,-1.44
0.000425,-4.56,-1.48
0.000426,-4.64,-1.48
0.000427,-4.64,-1.52
0.000428,-4.64,-1.52
0.000429,-4.64,-1.6
0.00043,-4.64,-1.6
0.000431,-4.72,-1.64
0.000432,-4.72,-1.64
0.000433,-4.72,-1.68
0.000434,-4.72,-1.68
0.000435,-4.72,-1.72
0.000436,-4.72,-1.76
0.000437,-4.8,-1.76
0.000438,-4.8,-1.84
0.000439,-4.8,-1.84
0.00044,-4.8,-1.88
0.000441,-4.8,-1.88
0.000442,-4.8,-1.92
0.000443,-4.88,-1.92
0.000444,-4.88,-1.96
0.000445,-4.88,-1.96
0.000446,-4.88,-2
0.000447,-4.8,-2
0.000448,-4.88,-2.04
0.000449,-4.88,-2.08
0.00045,-4.88,-2.08
0.000451,-4.88,-2.12
0.000452,-4.88,-2.12
0.000453,-4.88,-2.16
0.000454,-4.88,-2.2
0.000455,-4.96,-2.2
0.000456,-4.88,-2.24
0.000457,-4.96,-2.24
0.000458,-4.96,-2.28
0.000459,-4.88,-2.28
0.00046,-4.96,-2.32
0.000461,-4.96,-2.36
0.000462,-4.88,-2.36
0.000463,-4.96,-2.4
0.000464,-4.96,-2.4
0.000465,-4.96,-2.44
0.000466,-4.96,-2.44
0.000467,-4.96,-2.48
0.000468,-4.96,-2.48
0.000469,-4.96,-2.52
0.00047,-4.96,-2.52
0.000471,-4.96,-2.52
0.000472,-4.96,-2.56
0.000473,-4.96,-2.6
0.000474,-4.96,-2.64
0.000475,-4.96,-2.64
0.000476,-4.96,-2.64
0.000477,-4.96,-2.68
0.000478,-4.96,-2.68
0.000479,-4.96,-2.72
0.00048,-4.88,-2.76
0.000481,-4.96,-2.72
0.000482,-4.96,-2.76
0.000483,-4.96,-2.8
0.000484,-4.96,-2.8
0.000485,-4.96,-2.84
0.000486,-4.96,-2.84
0.000487,-4.96,-2.88
0.000488,-4.88,-2.88
0.000489,-4.88,-2.92
0.00049,-4.88,-2.92
0.000491,-4.88,-2.92
0.000492,-4.88,-2.96
0.000493,-4.88,-2.96
0.000494,-4.88,-3
0.000495,-4.88,-3
0.000496,-4.88,-3
0.000497,-4.8,-3.04
0.000498,-4.88,-3.04
0.000499,-4.8,-3.08
0.0005,-4.8,-3.08
0.000501,-4.8,-3.08
0.000502,-4.8,-3.12
0.000503,-4.8,-3.12
0.000504,-4.8,-3.16
0.000505,-4.72,-3.16
0.000506,-4.72,-3.16
0.000507,-4.8,-3.2
0.000508,-4.72,-3.2
0.000509,-4.72,-3.2
0.00051,-4.72,-3.24
0.000511,-4.72,-3.2
0.000512,-4.64,-3.24
0.000513,-4.72,-3.24
0.000514,-4.64,-3.24
0.000515,-4.64,-3.28
0.000516,-4.64,-3.28
0.000517,-4.64,-3.28
0.000518,-4.64,-3.28
0.000519,-4.56,-3.32
0.00052,-4.56,-3.32
0.000521,-4.56,-3.32
0.000522,-4.56,-3.36
0.000523,-4.56,-3.36
0.000524,-4.56,-3.36
0.000525,-4.48,-3.4
0.000526,-4.48,-3.4
0.000527,-4.48,-3.4
0.000528,-4.48,-3.4
0.000529,-4.4,-3.4
0.00053,-4.4,-3.4
0.000531,-4.4,-3.4
0.000532,-4.32,-3.44
0.000533,-4.32,-3.44
0.000534,-4.32,-3.44
0.000535,-4.32,-3.44
0.000536,-4.32,-3.48
0.000537,-4.32,-3.48
0.000538,-4.24,-3.48
0.000539,-4.24,-3.48
0.00054,-4.24,-3.48
0.000541,-4.16,-3.48
0.000542,-4.16,-3.52
0.000543,-4.16,-3.52
0.000544,-4.16,-3.52
0.000545,-4.08,-3.52
0.000546,-4.08,-3.52
0.000547,-4.08,-3.52
0.000548,-4,-3.52
0.000549,-4,-3.52
0.00055,-4,-3.52
0.000551,-4,-3.56
0.000552,-3.92,-3.56
0.000553,-3.92,-3.52
0.000554,-3.84,-3.56
0.000555,-3.84,-3.52
0.000556,-3.76,-3.56
0.000557,-3.76,-3.56
0.000558,-3.76,-3.52
0.000559,-3.76,-3.56
0.00056,-3.76,-3.56
0.000561,-3.68,-3.56
0.000562,-3.68,-3.56
0.000563,-3.68,-3.56
0.000564,-3.6,-3.52
0.000565,-3.6,-3.56
0.000566,-3.52,-3.56
0.000567,-3.52,-3.52
0.000568,-3.52,-3.56
0.000569,-3.44,-3.56
0.00057,-3.44,-3.52
0.000571,-3.44,-3.52
0.000572,-3.44,-3.52
0.000573,-3.36,-3.56
0.000574,-3.28,-3.56
0.000575,-3.28,-3.52
0.000576,-3.28,-3.52
0.000577,-3.2,-3.52
0.000578,-3.2,-3.52
0.000579,-3.12,-3.52
0.00058,-3.2,-3.48
0.000581,-3.12,-3.52
0.000582,-3.04,-3.52
0.000583,-3.04,-3.52
0.000584,-3.04,-3.48
0.000585,-3.04,-3.48
0.000586,-2.96,-3.48
0.000587,-2.96,-3.48
0.000588,-2.88,-3.44
0.000589,-2.88,-3.48
0.00059,-2.88,-3.44
0.000591,-2.8,-3.44
0.000592,-2.72,-3.44
0.000593,-2.72,-3.44
0.000594,-2.64,-3.44
0.000595,-2.64,-3.4
0.000596,-2.64,-3.4
0.000597,-2.64,-3.4
0.000598,-2.56,-3.4
0.000599,-2.48,-3.36
0.0006,-2.48,-3.36
0.000601,-2.48,-3.36
0.000602,-2.4,-3.32
0.000603,-2.32,-3.32
0.000604,-2.32,-3.32
0.000605,-2.24,-3.32
0.000606,-2.24,-3.28
0.000607,-2.24,-3.28
0.000608,-2.16,-3.28
0.000609,-2.16,-3.24
0.00061,-2.16,-3.24
0.000611,-2.08,-3.24
0.000612,-2.08,-3.24
0.000613,-2,-3.24
0.000614,-2,-3.2
0.000615,-1.92,-3.2
0.000616,-1.92,-3.2
0.000617,-1.84,-3.2
0.000618,-1.84,-3.16
0.000619,-1.76,-3.16
0.00062,-1.76,-3.16
0.000621,-1.76,-3.12
0.000622,-1.68,-3.12
0.000623,-1.68,-3.12
0.000624,-1.52,-3.08
0.000625,-1.52,-3.04
0.000626,-1.52,-3.04
0.000627,-1.44,-3.04
0.000628,-1.44,-3
0.000629,-1.44,-3
0.00063,-1.36,-2.96
0.000631,-1.28,-2.96
0.000632,-1.28,-2.96
0.000633,-1.28,-2.92
0.000634,-1.28,-2.92
0.000635,-1.2,-2.88
0.000636,-1.12,-2.88
0.000637,-1.04,-2.88
0.000638,-1.04,-2.84
0.000639,-1.04,-2.8
0.00064,-0.96,-2.8
0.000641,-0.96,-2.76
0.000642,-0.88,-2.76
0.000643,-0.88,-2.76
0.000644,-0.8,-2.72
0.000645,-0.8,-2.68
0.000646,-0.72,-2.68
0.000647,-0.64,-2.68
0.000648,-0.56,-2.64
0.000649,-0.56,-2.64
0.00065,-0.56,-2.6
0.000651,-0.48,-2.6
0.000652,-0.48,-2.56
0.000653,-0.4,-2.52
0.000654,-0.4,-2.52
0.000655,-0.4,-2.52
0.000656,-0.32,-2.48
0.000657,-0.24,-2.44
0.000658,-0.24,-2.44
0.000659,-0.16,-2.44
0.00066,-0.16,-2.4
0.000661,-0.08,-2.4
0.000662,-0.16,-2.36
0.000663,0,-2.36
0.000664,0,-2.36
0.000665,0.08,-2.32
0.000666,0.08,-2.28
0.000667,0.16,-2.24
0.000668,0.16,-2.24
0.000669,0.24,-2.24
0.00067,0.24,-2.2
0.000671,0.24,-2.16
0.000672,0.32,-2.16
0.000673,0.4,-2.12
0.000674,0.4,-2.08
0.000675,0.4,-2.08
0.000676,0.48,-2.04
0.000677,0.56,-2.04
0.000678,0.56,-2
0.000679,0.56,-2
0.00068,0.64,-1.96
0.000681,0.72,-1.96
0.000682,0.72,-1.92
0.000683,0.8,-1.92
0.000684,0.8,-1.88
0.000685,0.8,-1.84
0.000686,0.88,-1.84
0.000687,0.96,-1.8
0.000688,0.96,-1.76
0.000689,0.96,-1.76
0.00069,1.04,-1.72
0.000691,1.12,-1.68
0.000692,1.12,-1.68
0.000693,1.12,-1.64
0.000694,1.2,-1.64
0.000695,1.28,-1.6
0.000696,1.28,-1.6
0.000697,1.36,-1.56
0.000698,1.36,-1.52
0.000699,1.36,-1.48
0.0007,1.44,-1.48
0.000701,1.52,-1.44
0.000702,1.52,-1.44
0.000703,1.6,-1.4
0.000704,1.6,-1.4
0.000705,1.6,-1.36
0.000706,1.68,-1.32
0.000707,1.76,-1.32
0.000708,1.76,-1.28
0.000709,1.76,-1.24
0.00071,1.84,-1.2
0.000711,1.84,-1.2
0.000712,1.92,-1.16
0.000713,1.92,-1.12
0.000714,1.92,-1.12
0.000715,2,-1.08
0.000716,2,-1.08
0.000717,2.08,-1.04
0.000718,2.08,-1
0.000719,2.16,-0.96
0.00072,2.24,-0.96
0.000721,2.24,-0.92
0.000722,2.24,-0.92
0.000723,2.32,-0.88
0.000724,2.4,-0.84
0.000725,2.4,-0.8
0.000726,2.4,-0.8
0.000727,2.48,-0.76
0.000728,2.48,-0.76
0.000729,2.48,-0.72
0.00073,2.56,-0.68
0.000731,2.64,-0.68
0.000732,2.64,-0.64
0.000733,2.72,-0.64
0.000734,2.64,-0.6
0.000735,2.72,-0.56
0.000736,2.72,-0.52
0.000737,2.8,-0.52
0.000738,2.8,-0.48
0.000739,2.8,-0.44
0.00074,2.88,-0.44
0.000741,2.88,-0.4
0.000742,2.96,-0.36
0.000743,2.96,-0.32
0.000744,3.04,-0.32
0.000745,3.04,-0.24
0.000746,3.12,-0.24
0.000747,3.12,-0.2
0.000748,3.2,-0.2
0.000749,3.2,-0.16
0.00075,3.2,-0.16
0.000751,3.2,-0.08
0.000752,3.28,-0.08
0.000753,3.28,-0.04
0.000754,3.36,-0.04
0.000755,3.36,0
0.000756,3.44,0.04
0.000757,3.44,0.04
0.000758,3.44,0.08
0.000759,3.52,0.12
0.00076,3.52,0.12
0.000761,3.52,0.16
0.000762,3.52,0.2
0.000763,3.6,0.24
0.000764,3.6,0.28
0.000765,3.6,0.28
0.000766,3.68,0.32
0.000767,3.76,0.36
0.000768,3.76,0.36
0.000769,3.76,0.4
0.00077,3.76,0.44
0.000771,3.76,0.44
0.000772,3.84,0.48
0.000773,3.84,0.52
0.000774,3.92,0.56
0.000775,3.84,0.56
0.000776,3.92,0.6
0.000777,3.92,0.64
0.000778,4,0.64
0.000779,4,0.68
0.00078,4,0.68
0.000781,4.08,0.72
0.000782,4,0.76
0.000783,4.08,0.8
0.000784,4.16,0.84
0.000785,4.16,0.84
0.000786,4.16,0.84
0.000787,4.16,0.88
0.000788,4.24,0.92
0.000789,4.24,0.92
0.00079,4.24,0.96
0.000791,4.24,1
0.000792,4.24,1.04
0.000793,4.24,1.04
0.000794,4.32,1.08
0.000795,4.4,1.12
0.000796,4.32,1.12
0.000797,4.32,1.12
0.000798,4.4,1.16
0.000799,4.4,1.2
0.0008,4.4,1.24
0.000801,4.48,1.28
0.000802,4.4,1.28
0.000803,4.56,1.32
0.000804,4.48,1.36
0.000805,4.56,1.36
0.000806,4.56,1.36
0.000807,4.56,1.4
0.000808,4.56,1.44
0.000809,4.56,1.48
0.00081,4.56,1.48
0.000811,4.64,1.52
0.000812,4.64,1.56
0.000813,4.64,1.6
0.000814,4.72,1.6
0.000815,4.64,1.64
0.000816,4.72,1.64
0.000817,4.72,1.68
0.000818,4.72,1.72
0.000819,4.72,1.72
0.00082,4.72,1.76
0.000821,4.72,1.76
0.000822,4.8,1.8
0.000823,4.8,1.8
0.000824,4.72,1.84
0.000825,4.8,1.88
0.000826,4.8,1.88
0.000827,4.8,1.92
0.000828,4.8,1.96
0.000829,4.88,1.96
0.00083,4.88,1.96
0.000831,4.88,2
0.000832,4.88,2.04
0.000833,4.88,2.08
0.000834,4.88,2.08
0.000835,4.88,2.12
0.000836,4.88,2.12
0.000837,4.88,2.16
0.000838,4.96,2.16
0.000839,4.88,2.2
0.00084,4.96,2.24
0.000841,4.96,2.24
0.000842,4.88,2.28
0.000843,4.96,2.32
0.000844,4.96,2.32
0.000845,4.96,2.32
0.000846,4.88,2.36
0.000847,4.88,2.4
0.000848,4.96,2.4
0.000849,4.96,2.44
0.00085,4.96,2.44
0.000851,4.96,2.48
0.000852,4.96,2.48
0.000853,4.96,2.48
0.000854,4.96,2.52
0.000855,4.96,2.56
0.000856,4.96,2.56
0.000857,4.88,2.6
0.000858,4.96,2.6
0.000859,4.88,2.64
0.00086,4.96,2.64
0.000861,4.96,2.64
0.000862,4.96,2.68
0.000863,4.96,2.72
0.000864,4.96,2.72
0.000865,4.88,2.76
0.000866,4.96,2.76
0.000867,4.96,2.76
0.000868,4.88,2.8
0.000869,4.96,2.84
0.00087,4.88,2.84
0.000871,4.88,2.84
0.000872,4.88,2.88
0.000873,4.88,2.88
0.000874,4.88,2.88
0.000875,4.88,2.92
0.000876,4.88,2.92
0.000877,4.88,2.96
0.000878,4.88,2.96
0.000879,4.88,2.96
0.00088,4.8,2.96
0.000881,4.88,3
0.000882,4.88,3
0.000883,4.8,3
0.000884,4.88,3.04
0.000885,4.8,3.08
0.000886,4.8,3.04
0.000887,4.8,3.08
0.000888,4.8,3.12
0.000889,4.8,3.12
0.00089,4.8,3.16
0.000891,4.72,3.16
0.000892,4.72,3.16
0.000893,4.72,3.2
0.000894,4.72,3.2
0.000895,4.72,3.2
0.000896,4.72,3.2
0.000897,4.72,3.24
0.000898,4.64,3.24
0.000899,4.64,3.24
0.0009,4.64,3.28
0.000901,4.64,3.28
0.000902,4.64,3.28
0.000903,4.56,3.28
0.000904,4.56,3.32
0.000905,4.48,3.32
0.000906,4.56,3.32
0.000907,4.56,3.36
0.000908,4.56,3.36
0.000909,4.48,3.36
0.00091,4.4,3.36
0.000911,4.48,3.4
0.000912,4.48,3.4
0.000913,4.4,3.4
0.000914,4.4,3.4
0.000915,4.4,3.4
0.000916,4.32,3.4
0.000917,4.4,3.44
0.000918,4.32,3.44
0.000919,4.32,3.44
0.00092,4.24,3.44
0.000921,4.24,3.48
0.000922,4.24,3.44
0.000923,4.24,3.48
0.000924,4.16,3.48
0.000925,4.16,3.48
0.000926,4.16,3.48
0.000927,4.08,3.52
0.000928,4.16,3.52
0.000929,4.08,3.52
0.00093,4.08,3.52
0.000931,4,3.52
0.000932,4,3.52
0.000933,4,3.52
0.000934,4,3.52
0.000935,4,3.52
0.000936,3.92,3.52
0.000937,3.92,3.52
0.000938,3.84,3.52
0.000939,3.84,3.52
0.00094,3.84,3.56
0.000941,3.76,3.52
0.000942,3.76,3.56
0.000943,3.68,3.56
0.000944,3.68,3.52
0.000945,3.68,3.52
0.000946,3.68,3.56
0.000947,3.6,3.56
0.000948,3.6,3.56
0.000949,3.6,3.56
0.00095,3.52,3.52
0.000951,3.52,3.52
0.000952,3.52,3.56
0.000953,3.52,3.56
0.000954,3.44,3.52
0.000955,3.44,3.52
0.000956,3.36,3.52
0.000957,3.36,3.52
0.000958,3.28,3.52
0.000959,3.28,3.52
0.00096,3.28,3.52
0.000961,3.2,3.52
0.000962,3.2,3.52
0.000963,3.2,3.52
0.000964,3.12,3.48
0.000965,3.12,3.52
0.000966,3.04,3.52
0.000967,3.04,3.48
0.000968,3.04,3.48
0.000969,3.04,3.48
0.00097,2.96,3.48
0.000971,2.88,3.48
0.000972,2.88,3.44
0.000973,2.8,3.48
0.000974,2.8,3.48
0.000975,2.8,3.48
0.000976,2.72,3.44
0.000977,2.72,3.44
0.000978,2.72,3.44
0.000979,2.64,3.44
0.00098,2.64,3.4
0.000981,2.56,3.4
0.000982,2.56,3.4
0.000983,2.48,3.4
0.000984,2.48,3.4
0.000985,2.48,3.36
0.000986,2.4,3.36
0.000987,2.4,3.36
0.000988,2.32,3.36
0.000989,2.32,3.32
0.00099,2.24,3.32
0.000991,2.16,3.32
0.000992,2.16,3.28
0.000993,2.16,3.28
0.000994,2.08,3.28
0.000995,2.08,3.24
0.000996,2,3.24
0.000997,2,3.24
0.000998,1.92,3.24
0.000999,1.92,3.24
0.001,1.92,3.2
0.001001,1.84,3.2
0.001002,1.84,3.16
0.001003,1.84,3.16
0.001004,1.76,3.16
0.001005,1.68,3.12
0.001006,1.68,3.12
0.001007,1.6,3.12
0.001008,1.6,3.08
0.001009,1.52,3.08
0.00101,1.52,3.04
0.001011,1.44,3
0.001012,1.44,3.04
0.001013,1.36,3
0.001014,1.36,3
0.001015,1.36,3
0.001016,1.28,2.96
0.001017,1.2,2.96
0.001018,1.2,2.92
0.001019,1.12,2.92
0.00102,1.12,2.92
0.001021,1.04,2.88
0.001022,1.04,2.88
0.001023,1.04,2.84
0.001024,0.96,2.84
0.001025,0.96,2.8
0.001026,0.96,2.76
0.001027,0.88,2.76
0.001028,0.8,2.76
0.001029,0.72,2.72
0.00103,0.8,2.72
0.001031,0.72,2.72
0.001032,0.64,2.68
0.001033,0.64,2.68
0.001034,0.56,2.64
0.001035,0.56,2.64
0.001036,0.48,2.6
0.001037,0.48,2.6
0.001038,0.4,2.6
0.001039,0.4,2.56
0.00104,0.32,2.56
0.001041,0.32,2.48
0.001042,0.24,2.52
0.001043,0.24,2.48
0.001044,0.24,2.44
0.001045,0.16,2.44
0.001046,0.08,2.44
0.001047,0.08,2.36
0.001048,0,2.36
0.001049,0,2.36
0.00105,-0.08,2.32
0.001051,-0.16,2.28
0.001052,-0.16,2.28
0.001053,-0.24,2.24
0.001054,-0.24,2.24
0.001055,-0.24,2.2
0.001056,-0.32,2.2
0.001057,-0.32,2.16
0.001058,-0.4,2.16
0.001059,-0.48,2.16
0.00106,-0.48,2.08
0.001061,-0.48,2.04
0.001062,-0.56,2.08
0.001063,-0.56,2.04
0.001064,-0.64,2
0.001065,-0.64,1.96
0.001066,-0.72,1.96
0.001067,-0.8,1.92
0.001068,-0.8,1.92
0.001069,-0.88,1.88
0.00107,-0.88,1.88
0.001071,-0.96,1.84
0.001072,-0.96,1.8
0.001073,-1.04,1.8
0.001074,-1.04,1.76
0.001075,-1.12,1.72
0.001076,-1.12,1.72
0.001077,-1.2,1.72
0.001078,-1.2,1.68
0.001079,-1.28,1.64
0.00108,-1.28,1.64
0.001081,-1.36,1.6
0.001082,-1.36,1.56
0.001083,-1.36,1.56
0.001084,-1.44,1.52
0.001085,-1.44,1.48
0.001086,-1.52,1.44
0.001087,-1.6,1.44
0.001088,-1.6,1.4
0.001089,-1.6,1.36
0.00109,-1.68,1.36
0.001091,-1.68,1.36
0.001092,-1.76,1.32
0.001093,-1.76,1.32
0.001094,-1.84,1.24
0.001095,-1.84,1.24
0.001096,-1.92,1.2
0.001097,-1.92,1.2
0.001098,-2,1.16
0.001099,-2,1.12
0.0011,-2.08,1.08
0.001101,-2.08,1.08
0.001102,-2.16,1.04
0.001103,-2.16,1
0.001104,-2.16,1
0.001105,-2.24,0.96
0.001106,-2.32,0.92
0.001107,-2.32,0.92
0.001108,-2.32,0.88
0.001109,-2.32,0.88
0.00111,-2.48,0.88
0.001111,-2.48,0.84
0.001112,-2.48,0.8
0.001113,-2.48,0.76
0.001114,-2.56,0.72
0.001115,-2.64,0.72
0.001116,-2.64,0.68
0.001117,-2.64,0.64
0.001118,-2.72,0.64
0.001119,-2.8,0.6
0.00112,-2.8,0.6
0.001121,-2.8,0.56
0.001122,-2.88,0.52
0.001123,-2.88,0.52
0.001124,-2.88,0.48
0.001125,-2.88,0.44
0.001126,-2.96,0.44
0.001127,-2.96,0.4
0.001128,-2.96,0.36
0.001129,-3.04,0.32
0.00113,-3.04,0.28
0.001131,-3.04,0.28
0.001132,-3.12,0.24
0.001133,-3.2,0.2
0.001134,-3.2,0.2
0.001135,-3.2,0.16
0.001136,-3.28,0.12
0.001137,-3.28,0.12
0.001138,-3.28,0.08
0.001139,-3.36,0.04
0.00114,-3.36,0.04
0.001141,-3.44,0
0.001142,-3.44,-0.04
0.001143,-3.52,-0.08
0.001144,-3.52,-0.12
0.001145,-3.52,-0.12
0.001146,-3.52,-0.16
0.001147,-3.6,-0.16
0.001148,-3.6,-0.2
0.001149,-3.68,-0.24
0.00115,-3.68,-0.28
0.001151,-3.76,-0.28
0.001152,-3.76,-0.32
0.001153,-3.76,-0.36
0.001154,-3.76,-0.36
0.001155,-3.76,-0.4
0.001156,-3.76,-0.44
0.001157,-3.84,-0.48
0.001158,-3.84,-0.48
0.001159,-3.84,-0.52
0.00116,-3.92,-0.56
0.001161,-3.92,-0.6
0.001162,-4,-0.6
0.001163,-4,-0.64
0.001164,-4,-0.68
0.001165,-4.08,-0.68
0.001166,-4.08,-0.72
0.001167,-4.08,-0.72
0.001168,-4.08,-0.76
0.001169,-4.16,-0.76
0.00117,-4.16,-0.84
0.001171,-4.16,-0.84
0.001172,-4.24,-0.88
0.001173,-4.24,-0.92
0.001174,-4.24,-0.92
0.001175,-4.24,-0.96
0.001176,-4.32,-1
0.001177,-4.24,-1
0.001178,-4.32,-1.04
0.001179,-4.4,-1.08
0.00118,-4.4,-1.12
0.001181,-4.4,-1.12
0.001182,-4.4,-1.16
0.001183,-4.4,-1.16
0.001184,-4.48,-1.2
0.001185,-4.48,-1.24
0.001186,-4.48,-1.28
0.001187,-4.48,-1.28
0.001188,-4.48,-1.32
0.001189,-4.48,-1.36
0.00119,-4.56,-1.4
0.001191,-4.56,-1.4
0.001192,-4.56,-1.44
0.001193,-4.56,-1.44
0.001194,-4.64,-1.48
0.001195,-4.64,-1.48
0.001196,-4.64,-1.52
0.001197,-4.64,-1.52
0.001198,-4.72,-1.56
0.001199,-4.64,-1.6
0.0012,-4.72,-1.64
0.001201,-4.72,-1.64
0.001202,-4.72,-1.68
0.001203,-4.72,-1.68
0.001204,-4.8,-1.72
0.001205,-4.72,-1.76
0.001206,-4.8,-1.76
0.001207,-4.8,-1.84
0.001208,-4.8,-1.84
0.001209,-4.8,-1.84
0.00121,-4.8,-1.88
0.001211,-4.8,-1.92
0.001212,-4.8,-1.92
0.001213,-4.8,-1.96
0.001214,-4.88,-1.96
0.001215,-4.88,-1.96
0.001216,-4.88,-2
0.001217,-4.88,-2.08
0.001218,-4.88,-2.04
0.001219,-4.88,-2.08
0.00122,-4.88,-2.12
0.001221,-4.88,-2.12
0.001222,-4.88,-2.16
0.001223,-4.88,-2.16
0.001224,-4.96,-2.2
0.001225,-4.96,-2.2
0.001226,-4.96,-2.24
0.001227,-4.96,-2.28
0.001228,-4.88,-2.28
0.001229,-4.96,-2.28
0.00123,-4.96,-2.36
0.001231,-4.88,-2.36
0.001232,-4.88,-2.4
0.001233,-4.88,-2.4
0.001234,-4.96,-2.44
0.001235,-4.96,-2.44
0.001236,-4.96,-2.48
0.001237,-4.96,-2.48
0.001238,-4.96,-2.48
0.001239,-4.96,-2.52
0.00124,-4.96,-2.56
0.001241,-4.96,-2.56
0.001242,-4.96,-2.6
0.001243,-4.96,-2.6
0.001244,-4.96,-2.64
0.001245,-4.96,-2.64
0.001246,-4.96,-2.68
0.001247,-4.96,-2.68
0.001248,-4.96,-2.68
0.001249,-4.96,-2.72
0.00125,-4.96,-2.76
0.001251,-4.96,-2.76
0.001252,-4.96,-2.8
0.001253,-4.96,-2.8
0.001254,-4.96,-2.8
0.001255,-4.88,-2.84
0.001256,-4.88,-2.88
0.001257,-4.88,-2.88
0.001258,-4.88,-2.92
0.001259,-4.88,-2.92
0.00126,-4.88,-2.92
0.001261,-4.88,-2.96
0.001262,-4.88,-2.96
0.001263,-4.88,-2.96
0.001264,-4.88,-3
0.001265,-4.88,-3
0.001266,-4.88,-3.04
0.001267,-4.88,-3.04
0.001268,-4.8,-3.08
0.001269,-4.8,-3.08
0.00127,-4.8,-3.08
0.001271,-4.8,-3.08
0.001272,-4.8,-3.12
0.001273,-4.8,-3.16
0.001274,-4.72,-3.16
0.001275,-4.8,-3.16
0.001276,-4.72,-3.16
0.001277,-4.72,-3.2
0.001278,-4.72,-3.24
0.001279,-4.72,-3.2
0.00128,-4.72,-3.24
0.001281,-4.64,-3.24
0.001282,-4.64,-3.24
0.001283,-4.72,-3.24
0.001284,-4.64,-3.24
0.001285,-4.64,-3.28
0.001286,-4.64,-3.28
0.001287,-4.64,-3.28
0.001288,-4.64,-3.28
0.001289,-4.56,-3.32
0.00129,-4.56,-3.32
0.001291,-4.56,-3.32
0.001292,-4.56,-3.32
0.001293,-4.56,-3.36
0.001294,-4.48,-3.36
0.001295,-4.48,-3.4
0.001296,-4.48,-3.4
0.001297,-4.4,-3.4
0.001298,-4.4,-3.4
0.001299,-4.4,-3.44
0.0013,-4.4,-3.44
0.001301,-4.4,-3.44
0.001302,-4.32,-3.44
0.001303,-4.32,-3.48
0.001304,-4.32,-3.48
0.001305,-4.32,-3.44
0.001306,-4.24,-3.48
0.001307,-4.32,-3.48
0.001308,-4.16,-3.48
0.001309,-4.24,-3.48
0.00131,-4.16,-3.48
0.001311,-4.24,-3.48
0.001312,-4.16,-3.48
0.001313,-4.08,-3.48
0.001314,-4.08,-3.52
0.001315,-4.08,-3.52
0.001316,-4.08,-3.52
0.001317,-4,-3.52
0.001318,-4,-3.52
0.001319,-4,-3.52
0.00132,-3.92,-3.52
0.001321,-3.92,-3.56
0.001322,-3.92,-3.52
0.001323,-3.84,-3.56
0.001324,-3.84,-3.52
0.001325,-3.84,-3.56
0.001326,-3.84,-3.56
0.001327,-3.76,-3.56
0.001328,-3.76,-3.56
0.001329,-3.76,-3.56
0.00133,-3.68,-3.56
0.001331,-3.68,-3.56
0.001332,-3.6,-3.56
0.001333,-3.68,-3.56
0.001334,-3.6,-3.56
0.001335,-3.52,-3.52
0.001336,-3.52,-3.56
0.001337,-3.52,-3.56
0.001338,-3.52,-3.56
0.001339,-3.44,-3.56
0.00134,-3.44,-3.52
0.001341,-3.44,-3.56
0.001342,-3.36,-3.52
0.001343,-3.28,-3.52
0.001344,-3.28,-3.56
0.001345,-3.2,-3.52
0.001346,-3.2,-3.52
0.001347,-3.2,-3.52
0.001348,-3.2,-3.52
0.001349,-3.12,-3.52
0.00135,-3.12,-3.52
0.001351,-3.04,-3.48
0.001352,-3.04,-3.48
0.001353,-2.96,-3.48
0.001354,-2.96,-3.48
0.001355,-2.96,-3.48
0.001356,-2.96,-3.48
0.001357,-2.88,-3.48
0.001358,-2.88,-3.48
0.001359,-2.8,-3.48
0.00136,-2.8,-3.44
0.001361,-2.8,-3.44
0.001362,-2.72,-3.44
0.001363,-2.72,-3.44
0.001364,-2.64,-3.44
0.001365,-2.64,-3.4
0.001366,-2.56,-3.4
0.001367,-2.56,-3.36
0.001368,-2.56,-3.36
0.001369,-2.48,-3.36
0.00137,-2.48,-3.36
0.001371,-2.4,-3.32
0.001372,-2.4,-3.32
0.001373,-2.32,-3.32
0.001374,-2.32,-3.32
0.001375,-2.24,-3.28
0.001376,-2.24,-3.28
0.001377,-2.24,-3.28
0.001378,-2.16,-3.28
0.001379,-2.08,-3.28
0.00138,-2.16,-3.28
0.001381,-2.08,-3.24
0.001382,-2.08,-3.24
0.001383,-2,-3.24
0.001384,-1.92,-3.2
0.001385,-1.92,-3.2
0.001386,-1.92,-3.16
0.001387,-1.84,-3.16
0.001388,-1.84,-3.16
0.001389,-1.76,-3.16
0.00139,-1.68,-3.16
0.001391,-1.68,-3.12
0.001392,-1.68,-3.12
0.001393,-1.6,-3.08
0.001394,-1.52,-3.08
0.001395,-1.52,-3.08
0.001396,-1.44,-3.04
0.001397,-1.44,-3
0.001398,-1.36,-3
0.001399,-1.36,-2.96
0.0014,-1.36,-2.96
0.001401,-1.28,-2.92
0.001402,-1.28,-2.92
0.001403,-1.2,-2.92
0.001404,-1.2,-2.88
0.001405,-1.12,-2.88
0.001406,-1.12,-2.84
0.001407,-1.12,-2.84
0.001408,-1.04,-2.84
0.001409,-1.04,-2.8
0.00141,-0.96,-2.8
0.001411,-0.88,-2.76
0.001412,-0.8,-2.76
0.001413,-0.8,-2.72
0.001414,-0.8,-2.72
0.001415,-0.72,-2.68
0.001416,-0.72,-2.68
0.001417,-0.64,-2.64
0.001418,-0.56,-2.64
0.001419,-0.56,-2.64
0.00142,-0.48,-2.6
0.001421,-0.48,-2.56
0.001422,-0.4,-2.56
0.001423,-0.4,-2.52
0.001424,-0.4,-2.52
0.001425,-0.32,-2.48
0.001426,-0.32,-2.48
0.001427,-0.24,-2.44
0.001428,-0.16,-2.44
0.001429,-0.16,-2.4
0.00143,-0.16,-2.4
0.001431,-0.08,-2.36
0.001432,0,-2.36
0.001433,0,-2.32
0.001434,0.08,-2.32
0.001435,0.08,-2.28
0.001436,0.16,-2.28
0.001437,0.16,-2.24
0.001438,0.24,-2.2
0.001439,0.24,-2.2
0.00144,0.24,-2.2
0.001441,0.32,-2.16
0.001442,0.4,-2.12
0.001443,0.4,-2.12
0.001444,0.48,-2.12
0.001445,0.48,-2.04
0.001446,0.56,-2.04
0.001447,0.56,-2
0.001448,0.56,-2
0.001449,0.64,-1.96
0.00145,0.72,-1.92
0.001451,0.72,-1.92
0.001452,0.8,-1.92
0.001453,0.8,-1.88
0.001454,0.88,-1.88
0.001455,0.88,-1.84
0.001456,0.88,-1.8
0.001457,0.96,-1.76
0.001458,1.04,-1.72
0.001459,1.04,-1.72
0.00146,1.04,-1.68
0.001461,1.12,-1.68
0.001462,1.2,-1.64
0.001463,1.2,-1.64
0.001464,1.2,-1.6
0.001465,1.28,-1.6
0.001466,1.28,-1.56
0.001467,1.28,-1.52
0.001468,1.36,-1.52
0.001469,1.44,-1.48
0.00147,1.44,-1.48
0.001471,1.52,-1.44
0.001472,1.52,-1.4
0.001473,1.6,-1.36
0.001474,1.6,-1.36
0.001475,1.68,-1.32
0.001476,1.68,-1.32
0.001477,1.76,-1.28
0.001478,1.84,-1.24
0.001479,1.84,-1.24
0.00148,1.84,-1.2
0.001481,1.84,-1.16
0.001482,1.92,-1.16
0.001483,1.92,-1.12
0.001484,2,-1.12
0.001485,2,-1.08
0.001486,2.08,-1.04
0.001487,2.08,-1
0.001488,2.16,-0.96
0.001489,2.24,-0.96
0.00149,2.24,-0.96
0.001491,2.24,-0.92
0.001492,2.24,-0.88
0.001493,2.32,-0.84
0.001494,2.4,-0.84
0.001495,2.4,-0.8
0.001496,2.4,-0.76
0.001497,2.48,-0.72
0.001498,2.48,-0.72
0.001499,2.56,-0.72
0.0015,2.56,-0.68
0.001501,2.56,-0.64
0.001502,2.64,-0.6
0.001503,2.72,-0.56
0.001504,2.72,-0.56
0.001505,2.72,-0.52
0.001506,2.8,-0.48
0.001507,2.8,-0.48
0.001508,2.8,-0.44
0.001509,2.8,-0.4
0.00151,2.88,-0.4
0.001511,2.88,-0.36
0.001512,2.96,-0.32
0.001513,2.96,-0.28
0.001514,3.04,-0.28
0.001515,3.04,-0.28
0.001516,3.12,-0.24
0.001517,3.2,-0.2
0.001518,3.12,-0.16
0.001519,3.2,-0.12
0.00152,3.2,-0.12
0.001521,3.2,-0.08
0.001522,3.28,-0.04
0.001523,3.36,-0.04
0.001524,3.36,0
0.001525,3.36,0.04
0.001526,3.44,0.08
0.001527,3.44,0.08
0.001528,3.44,0.12
0.001529,3.52,0.12
