0.000156,3.28,0.284
0.0001561,3.2,0.292
0.0001562,3.12,0.284
0.0001563,3.12,0.296
0.0001564,3.04,0.288
0.0001565,2.96,0.3
0.0001566,2.96,0.292
0.0001567,2.88,0.308
0.0001568,2.88,0.296
0.0001569,2.8,0.308
0.000157,2.8,0.304
0.0001571,2.72,0.308
0.0001572,2.72,0.304
0.0001573,2.64,0.308
0.0001574,2.56,0.316
0.0001575,2.56,0.316
0.0001576,2.4,0.316
0.0001577,2.48,0.32
0.0001578,2.32,0.324
0.0001579,2.32,0.32
0.000158,2.24,0.32
0.0001581,2.16,0.328
0.0001582,2.08,0.324
0.0001583,2.08,0.336
0.0001584,2,0.328
0.0001585,2,0.336
0.0001586,2,0.332
0.0001587,1.84,0.344
0.0001588,1.84,0.332
0.0001589,1.76,0.34
0.000159,1.68,0.332
0.0001591,1.68,0.344
0.0001592,1.6,0.336
0.0001593,1.44,0.344
0.0001594,1.44,0.336
0.0001595,1.44,0.34
0.0001596,1.28,0.344
0.0001597,1.36,0.344
0.0001598,1.2,0.348
0.0001599,1.2,0.344
0.00016,1.12,0.34
0.0001601,1.12,0.34
0.0001602,0.96,0.344
0.0001603,0.88,0.352
0.0001604,0.8,0.344
0.0001605,0.8,0.356
0.0001606,0.72,0.344
0.0001607,0.64,0.348
0.0001608,0.64,0.344
0.0001609,0.64,0.352
0.000161,0.56,0.344
0.0001611,0.48,0.352
0.0001612,0.4,0.348
0.0001613,0.32,0.34
0.0001614,0.32,0.352
0.0001615,0.24,0.344
0.0001616,0.24,0.356
0.0001617,0,0.348
0.0001618,0,0.34
0.0001619,-0.08,0.348
0.000162,-0.08,0.348
0.0001621,-0.08,0.34
0.0001622,-0.24,0.34
0.0001623,-0.32,0.344
0.0001624,-0.32,0.34
0.0001625,-0.32,0.352
0.0001626,-0.56,0.344
0.0001627,-0.56,0.336
0.0001628,-0.56,0.336
0.0001629,-0.72,0.336
0.000163,-0.64,0.332
0.0001631,-0.64,0.34
0.0001632,-0.8,0.328
0.0001633,-0.88,0.328
0.0001634,-1.04,0.328
0.0001635,-1.04,0.332
0.0001636,-1.12,0.328
0.0001637,-1.12,0.316
0.0001638,-1.2,0.328
0.0001639,-1.28,0.324
0.000164,-1.28,0.32
0.0001641,-1.36,0.316
0.0001642,-1.36,0.312
0.0001643,-1.44,0.308
0.0001644,-1.52,0.32
0.0001645,-1.52,0.308
0.0001646,-1.68,0.308
0.0001647,-1.68,0.304
0.0001648,-1.76,0.308
0.0001649,-1.92,0.3
0.000165,-2,0.3
0.0001651,-2,0.3
0.0001652,-2,0.292
0.0001653,-2.08,0.288
0.0001654,-2.16,0.292
0.0001655,-2.24,0.288
0.0001656,-2.24,0.284
0.0001657,-2.32,0.284
0.0001658,-2.4,0.288
0.0001659,-2.32,0.268
0.000166,-2.48,0.284
0.0001661,-2.4,0.268
0.0001662,-2.56,0.276
0.0001663,-2.56,0.268
0.0001664,-2.64,0.268
0.0001665,-2.72,0.26
0.0001666,-2.88,0.256
0.0001667,-2.8,0.26
0.0001668,-2.8,0.256
0.0001669,-2.88,0.244
0.000167,-2.96,0.248
0.0001671,-2.96,0.244
0.0001672,-3.12,0.248
0.0001673,-3.12,0.236
0.0001674,-3.12,0.24
0.0001675,-3.28,0.236
0.0001676,-3.28,0.232
0.0001677,-3.36,0.224
0.0001678,-3.28,0.228
0.0001679,-3.36,0.22
0.000168,-3.44,0.216
0.0001681,-3.44,0.212
0.0001682,-3.52,0.212
0.0001683,-3.52,0.208
0.0001684,-3.6,0.212
0.0001685,-3.68,0.192
0.0001686,-3.68,0.204
0.0001687,-3.76,0.192
0.0001688,-3.76,0.188
0.0001689,-3.92,0.184
0.000169,-3.84,0.188
0.0001691,-3.84,0.184
0.0001692,-3.92,0.176
0.0001693,-4,0.172
0.0001694,-4,0.168
0.0001695,-4,0.164
0.0001696,-4.08,0.168
0.0001697,-4.08,0.156
0.0001698,-4.08,0.156
0.0001699,-4.16,0.14
0.00017,-4.16,0.152
0.0001701,-4.24,0.132
0.0001702,-4.16,0.136
0.0001703,-4.32,0.132
0.0001704,-4.32,0.132
0.0001705,-4.24,0.124
0.0001706,-4.32,0.124
0.0001707,-4.4,0.112
0.0001708,-4.4,0.116
0.0001709,-4.48,0.108
0.000171,-4.48,0.1
0.0001711,-4.56,0.104
0.0001712,-4.56,0.096
0.0001713,-4.48,0.096
0.0001714,-4.48,0.092
0.0001715,-4.48,0.08
0.0001716,-4.64,0.084
0.0001717,-4.56,0.068
0.0001718,-4.56,0.076
0.0001719,-4.64,0.06
0.000172,-4.56,0.072
0.0001721,-4.64,0.056
0.0001722,-4.64,0.056
0.0001723,-4.64,0.04
0.0001724,-4.72,0.052
0.0001725,-4.72,0.044
0.0001726,-4.72,0.04
0.0001727,-4.8,0.028
0.0001728,-4.88,0.028
0.0001729,-4.8,0.02
0.000173,-4.8,0.024
0.0001731,-4.8,0.012
0.0001732,-4.88,0.016
0.0001733,-4.88,0
0.0001734,-4.8,-0.004
0.0001735,-4.88,-0.004
0.0001736,-4.8,0
0.0001737,-4.88,-0.02
0.0001738,-4.88,-0.016
0.0001739,-4.8,-0.024
0.000174,-4.88,-0.024
0.0001741,-4.8,-0.04
0.0001742,-4.96,-0.036
0.0001743,-4.88,-0.044
0.0001744,-4.88,-0.036
0.0001745,-4.8,-0.052
0.0001746,-4.88,-0.052
0.0001747,-4.88,-0.056
0.0001748,-4.8,-0.06
0.0001749,-4.88,-0.072
0.000175,-4.8,-0.072
0.0001751,-4.88,-0.068
0.0001752,-4.8,-0.076
0.0001753,-4.8,-0.084
0.0001754,-4.88,-0.088
0.0001755,-4.8,-0.092
0.0001756,-4.8,-0.096
0.0001757,-4.8,-0.104
0.0001758,-4.8,-0.1
0.0001759,-4.72,-0.108
0.000176,-4.64,-0.108
0.0001761,-4.8,-0.128
0.0001762,-4.72,-0.112
0.0001763,-4.8,-0.124
0.0001764,-4.72,-0.12
0.0001765,-4.72,-0.14
0.0001766,-4.64,-0.132
0.0001767,-4.56,-0.14
0.0001768,-4.56,-0.144
0.0001769,-4.64,-0.152
0.000177,-4.48,-0.156
0.0001771,-4.64,-0.156
0.0001772,-4.56,-0.156
0.0001773,-4.48,-0.168
0.0001774,-4.48,-0.164
0.0001775,-4.4,-0.172
0.0001776,-4.48,-0.172
0.0001777,-4.48,-0.184
0.0001778,-4.4,-0.18
0.0001779,-4.4,-0.192
0.000178,-4.4,-0.184
0.0001781,-4.32,-0.2
0.0001782,-4.32,-0.196
0.0001783,-4.24,-0.204
0.0001784,-4.16,-0.196
0.0001785,-4.16,-0.208
0.0001786,-4.16,-0.212
0.0001787,-4.16,-0.216
0.0001788,-4.16,-0.216
0.0001789,-4.08,-0.22
0.000179,-4,-0.22
0.0001791,-4.08,-0.228
0.0001792,-4,-0.232
0.0001793,-4,-0.236
0.0001794,-3.92,-0.236
0.0001795,-3.84,-0.24
0.0001796,-3.84,-0.24
0.0001797,-3.84,-0.248
0.0001798,-3.76,-0.248
0.0001799,-3.76,-0.256
0.00018,-3.76,-0.256
0.0001801,-3.68,-0.264
0.0001802,-3.68,-0.248
0.0001803,-3.52,-0.26
0.0001804,-3.6,-0.26
0.0001805,-3.52,-0.268
0.0001806,-3.52,-0.264
0.0001807,-3.36,-0.272
0.0001808,-3.36,-0.28
0.0001809,-3.36,-0.276
0.000181,-3.28,-0.272
0.0001811,-3.28,-0.276
0.0001812,-3.2,-0.288
0.0001813,-3.12,-0.296
0.0001814,-3.12,-0.284
0.0001815,-3.04,-0.288
0.0001816,-2.96,-0.292
0.0001817,-2.96,-0.3
0.0001818,-2.88,-0.296
0.0001819,-2.8,-0.3
0.000182,-2.8,-0.3
0.0001821,-2.8,-0.316
0.0001822,-2.72,-0.3
0.0001823,-2.72,-0.308
0.0001824,-2.56,-0.3
0.0001825,-2.56,-0.312
0.0001826,-2.56,-0.312
0.0001827,-2.48,-0.316
0.0001828,-2.4,-0.312
0.0001829,-2.4,-0.32
0.000183,-2.32,-0.316
0.0001831,-2.32,-0.32
0.0001832,-2.24,-0.328
0.0001833,-2.16,-0.324
0.0001834,-2.08,-0.336
0.0001835,-2,-0.324
0.0001836,-2,-0.332
0.0001837,-1.92,-0.332
0.0001838,-1.84,-0.332
0.0001839,-1.76,-0.336
0.000184,-1.76,-0.34
0.0001841,-1.6,-0.336
0.0001842,-1.68,-0.336
0.0001843,-1.52,-0.34
0.0001844,-1.44,-0.344
0.0001845,-1.44,-0.344
0.0001846,-1.44,-0.34
0.0001847,-1.28,-0.34
0.0001848,-1.2,-0.34
0.0001849,-1.12,-0.344
0.000185,-1.12,-0.344
0.0001851,-1.04,-0.336
0.0001852,-1.04,-0.34
0.0001853,-0.96,-0.34
0.0001854,-0.8,-0.348
0.0001855,-0.8,-0.344
0.0001856,-0.72,-0.348
0.0001857,-0.64,-0.352
0.0001858,-0.48,-0.344
0.0001859,-0.56,-0.332
0.000186,-0.56,-0.34
0.0001861,-0.4,-0.344
0.0001862,-0.32,-0.348
0.0001863,-0.32,-0.34
0.0001864,-0.32,-0.344
0.0001865,-0.08,-0.344
0.0001866,-0.08,-0.34
0.0001867,-0.08,-0.344
0.0001868,-0.08,-0.348
0.0001869,0.08,-0.34
0.000187,0.08,-0.344
0.0001871,0.24,-0.34
0.0001872,0.24,-0.344
0.0001873,0.32,-0.336
0.0001874,0.32,-0.34
0.0001875,0.4,-0.336
0.0001876,0.48,-0.34
0.0001877,0.56,-0.332
0.0001878,0.56,-0.336
0.0001879,0.72,-0.332
0.000188,0.8,-0.332
0.0001881,0.8,-0.332
0.0001882,0.8,-0.328
0.0001883,0.88,-0.328
0.0001884,0.88,-0.328
0.0001885,0.96,-0.328
0.0001886,1.04,-0.328
0.0001887,1.04,-0.316
0.0001888,1.04,-0.328
0.0001889,1.28,-0.316
0.000189,1.28,-0.316
0.0001891,1.28,-0.312
0.0001892,1.44,-0.32
0.0001893,1.44,-0.308
0.0001894,1.52,-0.308
0.0001895,1.68,-0.308
0.0001896,1.68,-0.308
0.0001897,1.84,-0.304
0.0001898,1.92,-0.304
0.0001899,1.84,-0.296
0.00019,1.92,-0.3
0.0001901,1.92,-0.292
0.0001902,1.92,-0.296
0.0001903,2.08,-0.28
0.0001904,2.16,-0.292
0.0001905,2.08,-0.284
0.0001906,2.32,-0.288
0.0001907,2.32,-0.284
0.0001908,2.24,-0.28
0.0001909,2.4,-0.272
0.000191,2.48,-0.28
0.0001911,2.48,-0.272
0.0001912,2.56,-0.272
0.0001913,2.64,-0.264
0.0001914,2.72,-0.272
0.0001915,2.72,-0.256
0.0001916,2.72,-0.264
0.0001917,2.88,-0.252
0.0001918,2.72,-0.256
0.0001919,2.88,-0.252
0.000192,2.88,-0.252
0.0001921,2.96,-0.244
0.0001922,2.96,-0.244
0.0001923,3.04,-0.24
0.0001924,3.12,-0.24
0.0001925,3.12,-0.232
0.0001926,3.2,-0.228
0.0001927,3.36,-0.224
0.0001928,3.36,-0.232
0.0001929,3.36,-0.216
0.000193,3.44,-0.22
0.0001931,3.52,-0.208
0.0001932,3.52,-0.22
0.0001933,3.52,-0.2
0.0001934,3.6,-0.204
0.0001935,3.6,-0.192
0.0001936,3.68,-0.2
0.0001937,3.68,-0.192
0.0001938,3.68,-0.192
0.0001939,3.84,-0.188
0.000194,3.76,-0.184
0.0001941,3.84,-0.172
0.0001942,4,-0.18
0.0001943,3.92,-0.168
0.0001944,3.92,-0.168
0.0001945,4,-0.152
0.0001946,4.08,-0.164
0.0001947,4,-0.152
0.0001948,4.08,-0.152
0.0001949,4.08,-0.136
0.000195,4.08,-0.14
0.0001951,4.08,-0.132
0.0001952,4.24,-0.136
0.0001953,4.16,-0.124
0.0001954,4.24,-0.132
0.0001955,4.32,-0.12
0.0001956,4.24,-0.124
0.0001957,4.24,-0.104
0.0001958,4.4,-0.116
0.0001959,4.48,-0.1
0.000196,4.4,-0.1
0.0001961,4.48,-0.092
0.0001962,4.48,-0.092
0.0001963,4.48,-0.088
0.0001964,4.56,-0.08
0.0001965,4.48,-0.076
0.0001966,4.56,-0.076
0.0001967,4.48,-0.072
0.0001968,4.56,-0.064
0.0001969,4.56,-0.052
0.000197,4.64,-0.056
0.0001971,4.64,-0.052
0.0001972,4.72,-0.048
0.0001973,4.72,-0.04
0.0001974,4.72,-0.044
0.0001975,4.72,-0.032
0.0001976,4.8,-0.036
0.0001977,4.72,-0.028
0.0001978,4.72,-0.024
0.0001979,4.72,-0.016
0.000198,4.8,-0.016
0.0001981,4.8,-0.016
0.0001982,4.8,0
0.0001983,4.8,0
0.0001984,4.8,0
0.0001985,4.8,0.004
0.0001986,4.88,0.012
0.0001987,4.8,0.016
0.0001988,4.8,0.024
0.0001989,4.8,0.028
0.000199,4.8,0.028
0.0001991,4.88,0.036
0.0001992,4.8,0.04
0.0001993,4.88,0.048
0.0001994,4.88,0.044
0.0001995,4.8,0.044
0.0001996,4.88,0.056
0.0001997,4.88,0.068
0.0001998,4.72,0.068
0.0001999,4.72,0.056
0.0002,4.8,0.072
0.0002001,4.72,0.084
0.0002002,4.8,0.088
0.0002003,4.8,0.076
0.0002004,4.72,0.088
0.0002005,4.72,0.088
0.0002006,4.72,0.104
0.0002007,4.72,0.1
0.0002008,4.72,0.108
0.0002009,4.8,0.108
0.000201,4.72,0.124
0.0002011,4.72,0.112
0.0002012,4.72,0.124
0.0002013,4.72,0.124
0.0002014,4.72,0.132
0.0002015,4.64,0.136
0.0002016,4.64,0.132
0.0002017,4.64,0.136
0.0002018,4.56,0.156
0.0002019,4.56,0.144
0.000202,4.64,0.156
0.0002021,4.64,0.152
0.0002022,4.48,0.168
0.0002023,4.48,0.148
0.0002024,4.56,0.18
0.0002025,4.48,0.168
0.0002026,4.48,0.18
0.0002027,4.4,0.176
0.0002028,4.48,0.188
0.0002029,4.32,0.184
0.000203,4.4,0.2
0.0002031,4.32,0.188
0.0002032,4.24,0.2
0.0002033,4.16,0.2
0.0002034,4.16,0.216
0.0002035,4.24,0.204
0.0002036,4.24,0.22
0.0002037,4.16,0.216
0.0002038,4,0.22
0.0002039,4,0.224
0.000204,4,0.232
0.0002041,4,0.224
0.0002042,4,0.236
0.0002043,3.92,0.228
0.0002044,3.84,0.248
0.0002045,3.84,0.236
0.0002046,3.76,0.248
0.0002047,3.84,0.24
0.0002048,3.76,0.256
0.0002049,3.6,0.252
0.000205,3.6,0.26
0.0002051,3.52,0.252
0.0002052,3.52,0.264
0.0002053,3.6,0.26
0.0002054,3.52,0.272
0.0002055,3.44,0.268
0.0002056,3.44,0.272
0.0002057,3.44,0.276
0.0002058,3.36,0.276
0.0002059,3.28,0.28
0.000206,3.2,0.28
0.0002061,3.2,0.284
0.0002062,3.12,0.296
0.0002063,3.12,0.292
0.0002064,3.12,0.296
0.0002065,2.96,0.288
0.0002066,2.88,0.3
0.0002067,2.88,0.3
0.0002068,2.88,0.304
0.0002069,2.8,0.308
0.000207,2.72,0.304
0.0002071,2.72,0.312
0.0002072,2.64,0.308
0.0002073,2.64,0.316
0.0002074,2.56,0.304
0.0002075,2.56,0.32
0.0002076,2.4,0.312
0.0002077,2.4,0.32
0.0002078,2.4,0.324
0.0002079,2.24,0.324
0.000208,2.24,0.32
0.0002081,2.16,0.328
0.0002082,2.08,0.324
0.0002083,2.08,0.328
0.0002084,2,0.324
0.0002085,1.92,0.332
0.0002086,1.92,0.328
0.0002087,1.92,0.336
0.0002088,1.76,0.332
0.0002089,1.68,0.332
0.000209,1.68,0.332
0.0002091,1.6,0.34
0.0002092,1.6,0.336
0.0002093,1.52,0.34
0.0002094,1.52,0.336
0.0002095,1.44,0.344
0.0002096,1.44,0.336
0.0002097,1.28,0.348
0.0002098,1.2,0.34
0.0002099,1.04,0.348
0.00021,1.04,0.348
0.0002101,1.12,0.352
0.0002102,1.04,0.336
0.0002103,0.88,0.344
0.0002104,0.96,0.344
0.0002105,0.8,0.352
0.0002106,0.8,0.34
0.0002107,0.64,0.348
0.0002108,0.64,0.34
0.0002109,0.56,0.352
0.000211,0.48,0.344
0.0002111,0.48,0.352
0.0002112,0.4,0.344
0.0002113,0.4,0.348
0.0002114,0.24,0.34
0.0002115,0.24,0.352
0.0002116,0.16,0.34
0.0002117,0.16,0.344
0.0002118,0,0.34
0.0002119,0,0.352
0.000212,0,0.348
0.0002121,-0.16,0.336
0.0002122,-0.24,0.336
0.0002123,-0.24,0.34
0.0002124,-0.32,0.344
0.0002125,-0.4,0.34
0.0002126,-0.32,0.332
0.0002127,-0.48,0.34
0.0002128,-0.56,0.336
0.0002129,-0.72,0.34
0.000213,-0.64,0.332
0.0002131,-0.8,0.328
0.0002132,-0.8,0.328
0.0002133,-0.88,0.332
0.0002134,-1.04,0.332
0.0002135,-0.96,0.328
0.0002136,-0.96,0.324
0.0002137,-1.12,0.328
0.0002138,-1.12,0.324
0.0002139,-1.36,0.324
0.000214,-1.28,0.32
0.0002141,-1.28,0.316
0.0002142,-1.52,0.32
0.0002143,-1.52,0.32
0.0002144,-1.52,0.312
0.0002145,-1.52,0.304
0.0002146,-1.68,0.312
0.0002147,-1.76,0.3
0.0002148,-1.76,0.308
0.0002149,-1.84,0.304
0.000215,-1.92,0.304
0.0002151,-2,0.296
0.0002152,-2.08,0.296
0.0002153,-2,0.296
0.0002154,-2.16,0.296
0.0002155,-2.16,0.292
0.0002156,-2.24,0.288
0.0002157,-2.32,0.288
0.0002158,-2.32,0.288
0.0002159,-2.32,0.276
0.000216,-2.32,0.28
0.0002161,-2.48,0.276
0.0002162,-2.56,0.276
0.0002163,-2.56,0.264
0.0002164,-2.64,0.28
0.0002165,-2.72,0.252
0.0002166,-2.64,0.264
0.0002167,-2.8,0.252
0.0002168,-2.8,0.256
0.0002169,-2.88,0.248
0.000217,-3.04,0.26
0.0002171,-3.04,0.248
0.0002172,-3.04,0.24
0.0002173,-3.12,0.24
0.0002174,-3.12,0.24
0.0002175,-3.2,0.232
0.0002176,-3.2,0.236
0.0002177,-3.28,0.224
0.0002178,-3.36,0.224
0.0002179,-3.44,0.216
0.000218,-3.44,0.224
0.0002181,-3.44,0.212
0.0002182,-3.52,0.216
0.0002183,-3.52,0.2
0.0002184,-3.52,0.204
0.0002185,-3.68,0.2
0.0002186,-3.6,0.2
0.0002187,-3.68,0.184
0.0002188,-3.76,0.192
0.0002189,-3.68,0.188
0.000219,-3.84,0.184
0.0002191,-3.92,0.172
0.0002192,-3.92,0.18
0.0002193,-3.92,0.172
0.0002194,-3.92,0.172
0.0002195,-4,0.168
0.0002196,-4.08,0.156
0.0002197,-4.08,0.156
0.0002198,-4.08,0.16
0.0002199,-4.08,0.152
0.00022,-4.24,0.144
0.0002201,-4.24,0.14
0.0002202,-4.24,0.14
0.0002203,-4.16,0.132
0.0002204,-4.24,0.132
0.0002205,-4.24,0.124
0.0002206,-4.4,0.124
0.0002207,-4.32,0.116
0.0002208,-4.4,0.116
0.0002209,-4.4,0.112
0.000221,-4.4,0.104
0.0002211,-4.48,0.096
0.0002212,-4.56,0.084
0.0002213,-4.48,0.096
0.0002214,-4.48,0.084
0.0002215,-4.56,0.084
0.0002216,-4.64,0.072
0.0002217,-4.56,0.08
0.0002218,-4.72,0.068
0.0002219,-4.64,0.072
0.000222,-4.64,0.052
0.0002221,-4.64,0.056
0.0002222,-4.64,0.056
0.0002223,-4.8,0.048
0.0002224,-4.72,0.044
0.0002225,-4.72,0.04
0.0002226,-4.8,0.032
0.0002227,-4.72,0.036
0.0002228,-4.8,0.016
0.0002229,-4.8,0.028
0.000223,-4.8,0.012
0.0002231,-4.88,0.028
0.0002232,-4.8,0
0.0002233,-4.88,0.012
0.0002234,-4.8,0
0.0002235,-4.88,0
0.0002236,-4.8,-0.016
0.0002237,-4.96,-0.004
0.0002238,-4.88,-0.024
0.0002239,-4.88,-0.024
0.000224,-4.8,-0.036
0.0002241,-4.88,-0.032
0.0002242,-4.8,-0.036
0.0002243,-4.8,-0.044
0.0002244,-4.88,-0.048
0.0002245,-4.88,-0.052
0.0002246,-4.88,-0.056
0.0002247,-4.88,-0.06
0.0002248,-4.8,-0.064
0.0002249,-4.96,-0.064
0.000225,-4.8,-0.072
0.0002251,-4.88,-0.072
0.0002252,-4.72,-0.08
0.0002253,-4.88,-0.08
0.0002254,-4.72,-0.092
0.0002255,-4.72,-0.092
0.0002256,-4.8,-0.1
0.0002257,-4.8,-0.1
0.0002258,-4.8,-0.112
0.0002259,-4.72,-0.108
0.000226,-4.72,-0.108
0.0002261,-4.72,-0.116
0.0002262,-4.72,-0.12
0.0002263,-4.64,-0.128
0.0002264,-4.72,-0.124
0.0002265,-4.72,-0.128
0.0002266,-4.64,-0.14
0.0002267,-4.64,-0.14
0.0002268,-4.56,-0.144
0.0002269,-4.56,-0.14
0.000227,-4.64,-0.152
0.0002271,-4.48,-0.16
0.0002272,-4.48,-0.16
0.0002273,-4.4,-0.156
0.0002274,-4.56,-0.164
0.0002275,-4.48,-0.176
0.0002276,-4.48,-0.176
0.0002277,-4.48,-0.18
0.0002278,-4.4,-0.176
0.0002279,-4.4,-0.188
0.000228,-4.32,-0.192
0.0002281,-4.32,-0.204
0.0002282,-4.32,-0.192
0.0002283,-4.24,-0.2
0.0002284,-4.24,-0.208
0.0002285,-4.16,-0.212
0.0002286,-4.24,-0.208
0.0002287,-4.16,-0.216
0.0002288,-4.16,-0.212
0.0002289,-4.08,-0.22
0.000229,-4,-0.224
0.0002291,-4,-0.228
0.0002292,-4.08,-0.224
0.0002293,-3.92,-0.236
0.0002294,-3.92,-0.232
0.0002295,-3.84,-0.24
0.0002296,-3.84,-0.24
0.0002297,-3.76,-0.244
0.0002298,-3.68,-0.244
0.0002299,-3.76,-0.252
0.00023,-3.6,-0.248
0.0002301,-3.6,-0.264
0.0002302,-3.6,-0.252
0.0002303,-3.52,-0.268
0.0002304,-3.52,-0.26
0.0002305,-3.52,-0.268
0.0002306,-3.36,-0.26
0.0002307,-3.36,-0.272
0.0002308,-3.44,-0.268
0.0002309,-3.28,-0.272
0.000231,-3.2,-0.28
0.0002311,-3.28,-0.288
0.0002312,-3.12,-0.284
0.0002313,-3.12,-0.284
0.0002314,-3.12,-0.292
0.0002315,-3.04,-0.292
0.0002316,-3.04,-0.288
0.0002317,-2.88,-0.292
0.0002318,-2.88,-0.292
0.0002319,-2.8,-0.304
0.000232,-2.8,-0.304
0.0002321,-2.8,-0.304
0.0002322,-2.72,-0.304
0.0002323,-2.64,-0.312
0.0002324,-2.56,-0.308
0.0002325,-2.64,-0.312
0.0002326,-2.48,-0.32
0.0002327,-2.48,-0.316
0.0002328,-2.32,-0.32
0.0002329,-2.32,-0.316
0.000233,-2.24,-0.32
0.0002331,-2.32,-0.32
0.0002332,-2.16,-0.324
0.0002333,-2.08,-0.324
0.0002334,-2.08,-0.328
0.0002335,-2.08,-0.324
0.0002336,-2,-0.328
0.0002337,-1.92,-0.332
0.0002338,-1.76,-0.34
0.0002339,-1.76,-0.332
0.000234,-1.76,-0.336
0.0002341,-1.68,-0.336
0.0002342,-1.6,-0.348
0.0002343,-1.52,-0.332
0.0002344,-1.52,-0.34
0.0002345,-1.36,-0.328
0.0002346,-1.36,-0.34
0.0002347,-1.28,-0.336
0.0002348,-1.2,-0.34
0.0002349,-1.2,-0.332
0.000235,-1.12,-0.344
0.0002351,-0.96,-0.328
0.0002352,-0.88,-0.348
0.0002353,-0.88,-0.336
0.0002354,-0.8,-0.344
0.0002355,-0.72,-0.34
0.0002356,-0.72,-0.352
0.0002357,-0.64,-0.34
0.0002358,-0.56,-0.332
0.0002359,-0.48,-0.336
0.000236,-0.48,-0.348
0.0002361,-0.4,-0.352
0.0002362,-0.32,-0.348
0.0002363,-0.32,-0.336
0.0002364,-0.32,-0.34
0.0002365,-0.24,-0.344
0.0002366,-0.16,-0.356
0.0002367,-0.08,-0.34
0.0002368,0,-0.34
0.0002369,-0.08,-0.332
0.000237,0.08,-0.348
0.0002371,0.24,-0.344
0.0002372,0.32,-0.344
0.0002373,0.32,-0.34
0.0002374,0.4,-0.344
0.0002375,0.4,-0.336
0.0002376,0.48,-0.332
0.0002377,0.56,-0.336
0.0002378,0.64,-0.328
0.0002379,0.56,-0.34
0.000238,0.72,-0.332
0.0002381,0.8,-0.332
0.0002382,0.88,-0.32
0.0002383,0.88,-0.336
0.0002384,0.96,-0.328
0.0002385,1.04,-0.328
0.0002386,0.96,-0.328
0.0002387,1.04,-0.328
0.0002388,1.2,-0.316
0.0002389,1.2,-0.316
0.000239,1.28,-0.324
0.0002391,1.44,-0.324
0.0002392,1.44,-0.304
0.0002393,1.52,-0.312
0.0002394,1.52,-0.308
0.0002395,1.52,-0.32
0.0002396,1.68,-0.3
0.0002397,1.6,-0.304
0.0002398,1.76,-0.296
0.0002399,1.76,-0.304
0.00024,1.84,-0.288
0.0002401,1.92,-0.3
0.0002402,2,-0.292
0.0002403,2,-0.296
0.0002404,2.16,-0.28
0.0002405,2.08,-0.288
0.0002406,2.16,-0.28
0.0002407,2.24,-0.288
0.0002408,2.4,-0.276
0.0002409,2.32,-0.276
0.000241,2.48,-0.276
0.0002411,2.4,-0.272
0.0002412,2.56,-0.272
0.0002413,2.48,-0.268
0.0002414,2.64,-0.256
0.0002415,2.64,-0.256
0.0002416,2.72,-0.252
0.0002417,2.72,-0.26
0.0002418,2.8,-0.244
0.0002419,2.88,-0.252
0.000242,2.96,-0.24
0.0002421,2.96,-0.24
0.0002422,2.96,-0.236
0.0002423,3.12,-0.236
0.0002424,3.12,-0.232
0.0002425,3.2,-0.224
0.0002426,3.28,-0.232
0.0002427,3.36,-0.228
0.0002428,3.28,-0.224
0.0002429,3.28,-0.208
0.000243,3.36,-0.212
0.0002431,3.36,-0.216
0.0002432,3.44,-0.208
0.0002433,3.52,-0.196
0.0002434,3.6,-0.204
0.0002435,3.52,-0.2
0.0002436,3.6,-0.192
0.0002437,3.68,-0.188
0.0002438,3.68,-0.192
0.0002439,3.84,-0.18
0.000244,3.76,-0.18
0.0002441,3.84,-0.18
0.0002442,3.92,-0.18
0.0002443,3.84,-0.164
0.0002444,3.84,-0.168
0.0002445,3.92,-0.16
0.0002446,3.92,-0.16
0.0002447,4,-0.148
0.0002448,4.08,-0.152
0.0002449,4.08,-0.14
0.000245,4.08,-0.144
0.0002451,4.08,-0.132
0.0002452,4.16,-0.132
0.0002453,4.32,-0.128
0.0002454,4.24,-0.132
0.0002455,4.24,-0.124
0.0002456,4.32,-0.116
0.0002457,4.4,-0.108
0.0002458,4.32,-0.112
0.0002459,4.48,-0.104
0.000246,4.4,-0.1
0.0002461,4.4,-0.096
0.0002462,4.48,-0.096
0.0002463,4.4,-0.084
0.0002464,4.48,-0.088
0.0002465,4.56,-0.076
0.0002466,4.48,-0.084
0.0002467,4.64,-0.064
0.0002468,4.56,-0.072
0.0002469,4.64,-0.056
0.000247,4.64,-0.068
0.0002471,4.64,-0.052
0.0002472,4.72,-0.052
0.0002473,4.64,-0.048
0.0002474,4.8,-0.048
0.0002475,4.72,-0.04
0.0002476,4.72,-0.028
0.0002477,4.72,-0.024
0.0002478,4.64,-0.024
0.0002479,4.72,-0.024
0.000248,4.8,-0.016
0.0002481,4.8,-0.004
0.0002482,4.88,-0.012
0.0002483,4.88,0
0.0002484,4.8,-0.004
0.0002485,4.88,0.004
0.0002486,4.8,0.008
0.0002487,4.72,0.016
0.0002488,4.88,0.016
0.0002489,4.8,0.02
0.000249,4.88,0.028
0.0002491,4.88,0.04
0.0002492,4.96,0.036
0.0002493,4.8,0.036
0.0002494,4.88,0.048
0.0002495,4.8,0.048
0.0002496,4.72,0.06
0.0002497,4.88,0.056
0.0002498,4.8,0.064
0.0002499,4.8,0.068
0.00025,4.8,0.084
0.0002501,4.8,0.072
0.0002502,4.72,0.08
0.0002503,4.8,0.084
0.0002504,4.8,0.096
0.0002505,4.8,0.1
0.0002506,4.8,0.096
0.0002507,4.8,0.1
0.0002508,4.8,0.116
0.0002509,4.72,0.116
0.000251,4.72,0.112
0.0002511,4.72,0.116
0.0002512,4.64,0.128
0.0002513,4.72,0.124
0.0002514,4.64,0.14
0.0002515,4.64,0.128
0.0002516,4.72,0.144
0.0002517,4.64,0.136
0.0002518,4.56,0.156
0.0002519,4.56,0.148
0.000252,4.64,0.164
0.0002521,4.56,0.152
0.0002522,4.48,0.168
0.0002523,4.48,0.168
0.0002524,4.48,0.172
0.0002525,4.4,0.168
0.0002526,4.48,0.18
0.0002527,4.4,0.18
0.0002528,4.4,0.192
0.0002529,4.4,0.188
0.000253,4.32,0.192
0.0002531,4.24,0.188
0.0002532,4.16,0.2
0.0002533,4.24,0.204
0.0002534,4.24,0.208
0.0002535,4.16,0.204
0.0002536,4.16,0.224
0.0002537,4.16,0.212
0.0002538,4.16,0.22
0.0002539,4.16,0.224
0.000254,4.08,0.224
0.0002541,3.92,0.22
0.0002542,4,0.232
0.0002543,3.92,0.232
0.0002544,3.76,0.24
0.0002545,3.92,0.236
0.0002546,3.76,0.244
0.0002547,3.76,0.248
0.0002548,3.84,0.252
0.0002549,3.68,0.256
0.000255,3.68,0.252
0.0002551,3.6,0.268
0.0002552,3.6,0.268
0.0002553,3.52,0.268
0.0002554,3.44,0.268
0.0002555,3.52,0.264
0.0002556,3.36,0.276
0.0002557,3.44,0.272
0.0002558,3.36,0.28
0.0002559,3.28,0.276
0.000256,3.2,0.284
0.0002561,3.2,0.284
0.0002562,3.12,0.288
0.0002563,3.04,0.292
0.0002564,3.12,0.288
0.0002565,3.04,0.296
0.0002566,3.04,0.3
0.0002567,2.88,0.304
0.0002568,2.8,0.296
0.0002569,2.8,0.304
0.000257,2.8,0.3
0.0002571,2.64,0.312
0.0002572,2.72,0.308
0.0002573,2.56,0.308
0.0002574,2.56,0.308
0.0002575,2.56,0.32
0.0002576,2.4,0.32
0.0002577,2.32,0.316
0.0002578,2.32,0.316
0.0002579,2.32,0.332
0.000258,2.32,0.324
0.0002581,2.16,0.324
0.0002582,2.08,0.32
0.0002583,2.08,0.332
0.0002584,2,0.332
0.0002585,2,0.336
0.0002586,2,0.32
0.0002587,1.84,0.332
0.0002588,1.84,0.336
0.0002589,1.76,0.344
0.000259,1.76,0.332
0.0002591,1.68,0.34
0.0002592,1.52,0.336
0.0002593,1.6,0.344
0.0002594,1.44,0.34
0.0002595,1.44,0.348
0.0002596,1.36,0.34
0.0002597,1.28,0.344
0.0002598,1.28,0.34
0.0002599,1.12,0.344
0.00026,1.12,0.344
0.0002601,1.04,0.348
0.0002602,0.96,0.344
0.0002603,0.88,0.352
0.0002604,0.88,0.34
0.0002605,0.8,0.348
0.0002606,0.72,0.344
0.0002607,0.72,0.36
0.0002608,0.64,0.34
0.0002609,0.56,0.348
0.000261,0.56,0.336
0.0002611,0.4,0.348
0.0002612,0.32,0.344
0.0002613,0.32,0.344
0.0002614,0.24,0.348
0.0002615,0.24,0.348
0.0002616,0.16,0.348
0.0002617,0.08,0.348
0.0002618,0.08,0.344
0.0002619,-0.08,0.348
0.000262,-0.08,0.34
0.0002621,-0.16,0.348
0.0002622,-0.32,0.34
0.0002623,-0.32,0.348
0.0002624,-0.32,0.34
0.0002625,-0.4,0.34
0.0002626,-0.48,0.336
0.0002627,-0.56,0.344
0.0002628,-0.48,0.336
0.0002629,-0.64,0.332
0.000263,-0.72,0.336
0.0002631,-0.8,0.336
0.0002632,-0.8,0.332
0.0002633,-0.8,0.332
0.0002634,-0.96,0.328
0.0002635,-0.96,0.332
0.0002636,-0.96,0.328
0.0002637,-1.12,0.324
0.0002638,-1.2,0.324
0.0002639,-1.28,0.32
0.000264,-1.28,0.316
0.0002641,-1.44,0.316
0.0002642,-1.36,0.312
0.0002643,-1.52,0.308
0.0002644,-1.52,0.308
0.0002645,-1.68,0.32
0.0002646,-1.76,0.312
0.0002647,-1.76,0.3
0.0002648,-1.84,0.3
0.0002649,-1.84,0.3
0.000265,-1.84,0.304
0.0002651,-1.92,0.3
0.0002652,-2.16,0.292
0.0002653,-2,0.288
0.0002654,-2.08,0.3
0.0002655,-2.16,0.292
0.0002656,-2.16,0.292
0.0002657,-2.24,0.276
0.0002658,-2.32,0.292
0.0002659,-2.4,0.276
0.000266,-2.48,0.276
0.0002661,-2.48,0.276
0.0002662,-2.56,0.272
0.0002663,-2.64,0.276
0.0002664,-2.72,0.268
0.0002665,-2.64,0.264
0.0002666,-2.72,0.26
0.0002667,-2.88,0.256
0.0002668,-2.88,0.256
0.0002669,-2.88,0.252
0.000267,-2.88,0.252
0.0002671,-2.96,0.244
0.0002672,-3.12,0.248
0.0002673,-3.2,0.232
0.0002674,-3.12,0.244
0.0002675,-3.2,0.236
0.0002676,-3.2,0.236
0.0002677,-3.28,0.228
0.0002678,-3.36,0.232
0.0002679,-3.36,0.224
0.000268,-3.44,0.224
0.0002681,-3.52,0.208
0.0002682,-3.52,0.212
0.0002683,-3.52,0.208
0.0002684,-3.6,0.2
0.0002685,-3.68,0.2
0.0002686,-3.68,0.204
0.0002687,-3.68,0.188
0.0002688,-3.68,0.192
0.0002689,-3.84,0.184
0.000269,-3.84,0.184
0.0002691,-3.84,0.172
0.0002692,-4,0.184
0.0002693,-3.92,0.176
0.0002694,-4,0.18
0.0002695,-4,0.16
0.0002696,-4,0.164
0.0002697,-4.16,0.152
0.0002698,-4.08,0.152
0.0002699,-4.08,0.14
0.00027,-4.16,0.144
0.0002701,-4.24,0.14
0.0002702,-4.24,0.144
0.0002703,-4.16,0.132
0.0002704,-4.24,0.128
0.0002705,-4.4,0.12
0.0002706,-4.32,0.128
0.0002707,-4.32,0.116
0.0002708,-4.48,0.116
0.0002709,-4.48,0.1
0.000271,-4.48,0.104
0.0002711,-4.4,0.096
0.0002712,-4.48,0.1
0.0002713,-4.48,0.084
0.0002714,-4.48,0.092
0.0002715,-4.56,0.076
0.0002716,-4.48,0.088
0.0002717,-4.64,0.068
0.0002718,-4.72,0.072
0.0002719,-4.56,0.06
0.000272,-4.64,0.06
0.0002721,-4.64,0.064
0.0002722,-4.64,0.052
0.0002723,-4.72,0.044
0.0002724,-4.72,0.044
0.0002725,-4.64,0.044
0.0002726,-4.8,0.04
0.0002727,-4.72,0.02
0.0002728,-4.8,0.028
0.0002729,-4.8,0.012
0.000273,-4.8,0.024
0.0002731,-4.8,0.004
0.0002732,-4.8,0.008
0.0002733,-4.8,0.004
0.0002734,-4.8,0.012
0.0002735,-4.8,-0.004
0.0002736,-4.8,-0.012
0.0002737,-4.8,-0.016
0.0002738,-4.88,-0.02
0.0002739,-4.8,-0.032
0.000274,-4.8,-0.032
0.0002741,-4.88,-0.04
0.0002742,-4.8,-0.028
0.0002743,-4.88,-0.044
0.0002744,-4.88,-0.044
0.0002745,-4.88,-0.048
0.0002746,-4.8,-0.052
0.0002747,-4.88,-0.056
0.0002748,-4.8,-0.06
0.0002749,-4.8,-0.064
0.000275,-4.88,-0.068
0.0002751,-4.88,-0.076
0.0002752,-4.8,-0.072
0.0002753,-4.8,-0.088
0.0002754,-4.72,-0.08
0.0002755,-4.72,-0.096
0.0002756,-4.8,-0.092
0.0002757,-4.8,-0.1
0.0002758,-4.72,-0.1
0.0002759,-4.72,-0.108
0.000276,-4.72,-0.112
0.0002761,-4.8,-0.112
0.0002762,-4.72,-0.124
0.0002763,-4.64,-0.12
0.0002764,-4.64,-0.124
0.0002765,-4.56,-0.132
0.0002766,-4.64,-0.14
0.0002767,-4.56,-0.136
0.0002768,-4.56,-0.14
0.0002769,-4.64,-0.152
0.000277,-4.64,-0.152
0.0002771,-4.56,-0.16
0.0002772,-4.56,-0.156
0.0002773,-4.56,-0.164
0.0002774,-4.48,-0.164
0.0002775,-4.48,-0.176
0.0002776,-4.56,-0.168
0.0002777,-4.4,-0.176
0.0002778,-4.48,-0.18
0.0002779,-4.4,-0.18
0.000278,-4.4,-0.184
0.0002781,-4.4,-0.188
0.0002782,-4.24,-0.192
0.0002783,-4.24,-0.196
0.0002784,-4.24,-0.204
0.0002785,-4.16,-0.204
0.0002786,-4.24,-0.204
0.0002787,-4.16,-0.212
0.0002788,-4.08,-0.216
0.0002789,-4.08,-0.22
0.000279,-4.08,-0.224
0.0002791,-4.08,-0.216
0.0002792,-3.92,-0.224
0.0002793,-4,-0.232
0.0002794,-3.92,-0.236
0.0002795,-3.84,-0.236
0.0002796,-3.92,-0.24
0.0002797,-3.76,-0.244
0.0002798,-3.76,-0.252
0.0002799,-3.68,-0.252
0.00028,-3.76,-0.252
0.0002801,-3.68,-0.248
0.0002802,-3.6,-0.26
0.0002803,-3.6,-0.26
0.0002804,-3.52,-0.26
0.0002805,-3.52,-0.26
0.0002806,-3.44,-0.268
0.0002807,-3.44,-0.272
0.0002808,-3.28,-0.276
0.0002809,-3.28,-0.268
0.000281,-3.2,-0.276
0.0002811,-3.28,-0.28
0.0002812,-3.12,-0.288
0.0002813,-3.12,-0.288
0.0002814,-3.04,-0.296
0.0002815,-3.04,-0.288
0.0002816,-2.96,-0.296
0.0002817,-2.96,-0.296
0.0002818,-2.88,-0.296
0.0002819,-2.72,-0.288
0.000282,-2.8,-0.308
0.0002821,-2.72,-0.3
0.0002822,-2.72,-0.312
0.0002823,-2.72,-0.304
0.0002824,-2.64,-0.32
0.0002825,-2.64,-0.308
0.0002826,-2.48,-0.324
0.0002827,-2.4,-0.316
0.0002828,-2.4,-0.32
0.0002829,-2.32,-0.324
0.000283,-2.24,-0.32
0.0002831,-2.24,-0.328
0.0002832,-2.16,-0.324
0.0002833,-2.08,-0.32
0.0002834,-2.08,-0.332
0.0002835,-1.92,-0.324
0.0002836,-1.92,-0.34
0.0002837,-1.92,-0.32
0.0002838,-1.84,-0.344
0.0002839,-1.76,-0.328
0.000284,-1.68,-0.336
0.0002841,-1.68,-0.332
0.0002842,-1.52,-0.34
0.0002843,-1.6,-0.328
0.0002844,-1.44,-0.34
0.0002845,-1.44,-0.336
0.0002846,-1.36,-0.344
0.0002847,-1.2,-0.34
0.0002848,-1.2,-0.332
0.0002849,-1.2,-0.34
0.000285,-1.12,-0.352
0.0002851,-1.04,-0.344
0.0002852,-0.96,-0.34
0.0002853,-0.88,-0.34
0.0002854,-0.8,-0.352
0.0002855,-0.72,-0.344
0.0002856,-0.8,-0.348
0.0002857,-0.72,-0.34
0.0002858,-0.64,-0.348
0.0002859,-0.64,-0.348
0.000286,-0.48,-0.356
0.0002861,-0.32,-0.336
0.0002862,-0.4,-0.336
0.0002863,-0.24,-0.34
0.0002864,-0.32,-0.348
0.0002865,-0.16,-0.352
0.0002866,-0.16,-0.336
0.0002867,-0.08,-0.34
0.0002868,0,-0.352
0.0002869,0,-0.348
0.000287,0.08,-0.34
0.0002871,0.16,-0.34
0.0002872,0.24,-0.344
0.0002873,0.32,-0.336
0.0002874,0.4,-0.344
0.0002875,0.4,-0.336
0.0002876,0.48,-0.344
0.0002877,0.48,-0.324
0.0002878,0.64,-0.344
0.0002879,0.64,-0.328
0.000288,0.72,-0.336
0.0002881,0.72,-0.324
0.0002882,0.8,-0.332
0.0002883,0.88,-0.332
0.0002884,0.96,-0.324
0.0002885,1.04,-0.328
0.0002886,1.12,-0.32
0.0002887,1.2,-0.328
0.0002888,1.2,-0.324
0.0002889,1.2,-0.32
0.000289,1.28,-0.316
0.0002891,1.36,-0.312
0.0002892,1.36,-0.316
0.0002893,1.52,-0.312
0.0002894,1.6,-0.308
0.0002895,1.52,-0.308
0.0002896,1.68,-0.316
0.0002897,1.76,-0.308
0.0002898,1.84,-0.304
0.0002899,1.76,-0.3
0.00029,1.84,-0.296
0.0002901,2,-0.296
0.0002902,2,-0.296
0.0002903,2.08,-0.296
0.0002904,2.08,-0.288
0.0002905,2.24,-0.292
0.0002906,2.24,-0.284
0.0002907,2.24,-0.28
0.0002908,2.32,-0.276
0.0002909,2.32,-0.28
0.000291,2.48,-0.276
0.0002911,2.4,-0.268
0.0002912,2.56,-0.268
0.0002913,2.56,-0.268
0.0002914,2.64,-0.268
0.0002915,2.64,-0.26
0.0002916,2.8,-0.256
0.0002917,2.72,-0.264
0.0002918,2.88,-0.252
0.0002919,2.8,-0.252
0.000292,2.96,-0.244
0.0002921,2.96,-0.252
0.0002922,3.04,-0.236
0.0002923,3.12,-0.244
0.0002924,3.12,-0.228
0.0002925,3.12,-0.236
0.0002926,3.2,-0.228
0.0002927,3.28,-0.228
0.0002928,3.2,-0.22
0.0002929,3.36,-0.228
0.000293,3.44,-0.212
0.0002931,3.44,-0.216
0.0002932,3.52,-0.2
0.0002933,3.6,-0.204
0.0002934,3.52,-0.196
0.0002935,3.6,-0.2
0.0002936,3.6,-0.188
0.0002937,3.68,-0.192
0.0002938,3.68,-0.188
0.0002939,3.84,-0.188
0.000294,3.68,-0.176
0.0002941,3.84,-0.18
0.0002942,3.76,-0.164
0.0002943,3.92,-0.176
0.0002944,3.92,-0.164
0.0002945,4,-0.168
0.0002946,3.92,-0.148
0.0002947,4.08,-0.148
0.0002948,4.08,-0.144
0.0002949,4.16,-0.148
0.000295,4.16,-0.14
0.0002951,4.08,-0.132
0.0002952,4.24,-0.132
0.0002953,4.32,-0.128
0.0002954,4.16,-0.12
0.0002955,4.4,-0.12
0.0002956,4.32,-0.116
0.0002957,4.4,-0.12
0.0002958,4.32,-0.104
0.0002959,4.4,-0.108
0.000296,4.4,-0.092
0.0002961,4.48,-0.104
0.0002962,4.48,-0.092
0.0002963,4.48,-0.092
0.0002964,4.48,-0.08
0.0002965,4.56,-0.08
0.0002966,4.56,-0.076
0.0002967,4.56,-0.068
0.0002968,4.56,-0.064
0.0002969,4.64,-0.064
0.000297,4.56,-0.056
0.0002971,4.64,-0.056
0.0002972,4.64,-0.056
0.0002973,4.64,-0.048
0.0002974,4.72,-0.048
0.0002975,4.64,-0.028
0.0002976,4.72,-0.028
0.0002977,4.72,-0.032
0.0002978,4.72,-0.028
0.0002979,4.72,-0.02
0.000298,4.72,-0.02
0.0002981,4.8,-0.012
0.0002982,4.72,-0.004
0.0002983,4.8,0
0.0002984,4.8,0.004
0.0002985,4.88,0.008
0.0002986,4.88,0.008
0.0002987,4.88,0.02
0.0002988,4.72,0.024
0.0002989,4.8,0.036
0.000299,4.88,0.028
0.0002991,4.72,0.04
0.0002992,4.88,0.036
0.0002993,4.8,0.048
0.0002994,4.8,0.044
0.0002995,4.72,0.06
0.0002996,4.88,0.056
0.0002997,4.88,0.064
0.0002998,4.88,0.064
0.0002999,4.8,0.068
0.0003,4.8,0.072
0.0003001,4.8,0.072
0.0003002,4.88,0.084
0.0003003,4.8,0.092
0.0003004,4.88,0.084
0.0003005,4.72,0.092
0.0003006,4.88,0.092
0.0003007,4.64,0.112
0.0003008,4.8,0.1
0.0003009,4.72,0.12
0.000301,4.72,0.104
0.0003011,4.72,0.128
0.0003012,4.72,0.116
0.0003013,4.64,0.128
0.0003014,4.64,0.128
0.0003015,4.64,0.136
0.0003016,4.72,0.14
0.0003017,4.56,0.144
0.0003018,4.64,0.144
0.0003019,4.64,0.148
0.000302,4.56,0.156
0.0003021,4.56,0.164
0.0003022,4.48,0.164
0.0003023,4.4,0.172
0.0003024,4.48,0.168
0.0003025,4.4,0.172
0.0003026,4.4,0.176
0.0003027,4.48,0.184
0.0003028,4.4,0.18
0.0003029,4.32,0.18
0.000303,4.4,0.196
0.0003031,4.24,0.2
0.0003032,4.24,0.196
0.0003033,4.32,0.2
0.0003034,4.24,0.208
0.0003035,4.24,0.204
0.0003036,4.08,0.212
0.0003037,4.16,0.216
0.0003038,4.08,0.216
0.0003039,4.08,0.22
0.000304,4,0.228
0.0003041,3.92,0.228
0.0003042,3.84,0.228
0.0003043,3.92,0.236
0.0003044,3.92,0.24
0.0003045,3.84,0.24
0.0003046,3.84,0.248
0.0003047,3.84,0.244
0.0003048,3.68,0.248
0.0003049,3.76,0.252
0.000305,3.68,0.256
0.0003051,3.6,0.256
0.0003052,3.52,0.268
0.0003053,3.6,0.272
0.0003054,3.44,0.276
0.0003055,3.44,0.268
0.0003056,3.44,0.272
0.0003057,3.36,0.264
0.0003058,3.28,0.28
0.0003059,3.28,0.272
0.000306,3.2,0.292
0.0003061,3.12,0.28
0.0003062,3.12,0.296
0.0003063,3.12,0.288
0.0003064,2.96,0.292
0.0003065,3.04,0.296
0.0003066,2.96,0.304
0.0003067,3.04,0.296
0.0003068,2.8,0.308
0.0003069,2.72,0.304
0.000307,2.8,0.304
0.0003071,2.72,0.3
0.0003072,2.64,0.312
0.0003073,2.72,0.308
0.0003074,2.56,0.324
0.0003075,2.56,0.304
0.0003076,2.4,0.312
0.0003077,2.4,0.312
0.0003078,2.32,0.324
0.0003079,2.32,0.32
0.000308,2.16,0.32
0.0003081,2.16,0.316
0.0003082,2.08,0.336
0.0003083,2.08,0.324
0.0003084,2.08,0.324
0.0003085,2,0.324
0.0003086,1.92,0.332
0.0003087,1.84,0.336
0.0003088,1.84,0.34
0.0003089,1.68,0.336
0.000309,1.68,0.332
0.0003091,1.6,0.344
0.0003092,1.6,0.336
0.0003093,1.52,0.34
0.0003094,1.44,0.336
0.0003095,1.44,0.344
0.0003096,1.28,0.344
0.0003097,1.28,0.336
0.0003098,1.2,0.348
0.0003099,1.2,0.348
0.00031,1.12,0.344
0.0003101,1.12,0.348
0.0003102,0.96,0.348
0.0003103,0.96,0.344
0.0003104,0.88,0.344
0.0003105,0.88,0.348
0.0003106,0.72,0.344
0.0003107,0.64,0.352
0.0003108,0.64,0.34
0.0003109,0.64,0.352
0.000311,0.56,0.34
0.0003111,0.48,0.348
0.0003112,0.4,0.348
0.0003113,0.32,0.356
0.0003114,0.24,0.34
0.0003115,0.32,0.344
0.0003116,0.16,0.344
0.0003117,0.16,0.348
0.0003118,0.08,0.34
0.0003119,0,0.348
0.000312,-0.08,0.348
0.0003121,-0.16,0.352
0.0003122,-0.24,0.344
0.0003123,-0.24,0.344
0.0003124,-0.32,0.332
0.0003125,-0.48,0.352
0.0003126,-0.48,0.336
0.0003127,-0.48,0.34
0.0003128,-0.56,0.332
0.0003129,-0.72,0.336
0.000313,-0.64,0.34
0.0003131,-0.72,0.336
0.0003132,-0.8,0.328
0.0003133,-0.88,0.336
0.0003134,-0.88,0.328
0.0003135,-1.04,0.328
0.0003136,-1.04,0.32
0.0003137,-1.12,0.32
0.0003138,-1.2,0.32
0.0003139,-1.2,0.324
0.000314,-1.44,0.32
0.0003141,-1.44,0.316
0.0003142,-1.36,0.316
0.0003143,-1.52,0.312
0.0003144,-1.52,0.316
0.0003145,-1.6,0.316
0.0003146,-1.68,0.308
0.0003147,-1.76,0.312
0.0003148,-1.76,0.304
0.0003149,-1.76,0.304
0.000315,-1.84,0.296
0.0003151,-2,0.296
0.0003152,-2,0.296
0.0003153,-2.08,0.296
0.0003154,-2.16,0.296
0.0003155,-2.24,0.284
0.0003156,-2.24,0.284
0.0003157,-2.24,0.284
0.0003158,-2.32,0.288
0.0003159,-2.4,0.272
0.000316,-2.4,0.284
0.0003161,-2.56,0.268
0.0003162,-2.56,0.272
0.0003163,-2.56,0.272
0.0003164,-2.56,0.268
0.0003165,-2.72,0.26
0.0003166,-2.72,0.268
0.0003167,-2.8,0.26
0.0003168,-2.8,0.248
0.0003169,-2.96,0.24
0.000317,-2.96,0.252
0.0003171,-2.88,0.244
0.0003172,-3.04,0.244
0.0003173,-3.12,0.232
0.0003174,-3.12,0.244
0.0003175,-3.2,0.224
0.0003176,-3.2,0.236
0.0003177,-3.36,0.22
0.0003178,-3.28,0.232
0.0003179,-3.36,0.22
0.000318,-3.36,0.216
0.0003181,-3.52,0.212
0.0003182,-3.44,0.212
0.0003183,-3.52,0.204
0.0003184,-3.6,0.2
0.0003185,-3.6,0.2
0.0003186,-3.68,0.2
0.0003187,-3.76,0.192
0.0003188,-3.68,0.192
0.0003189,-3.84,0.184
0.000319,-3.84,0.192
0.0003191,-3.84,0.176
0.0003192,-4,0.176
0.0003193,-3.92,0.172
0.0003194,-3.84,0.168
0.0003195,-4,0.16
0.0003196,-4.08,0.168
0.0003197,-4.08,0.152
0.0003198,-4,0.156
0.0003199,-4.16,0.152
0.00032,-4.16,0.152
0.0003201,-4.16,0.144
0.0003202,-4.16,0.136
0.0003203,-4.24,0.132
0.0003204,-4.24,0.124
0.0003205,-4.24,0.132
0.0003206,-4.32,0.124
0.0003207,-4.32,0.116
0.0003208,-4.32,0.108
0.0003209,-4.4,0.116
0.000321,-4.48,0.104
0.0003211,-4.48,0.096
0.0003212,-4.4,0.092
0.0003213,-4.56,0.088
0.0003214,-4.48,0.092
0.0003215,-4.56,0.084
0.0003216,-4.56,0.072
0.0003217,-4.64,0.076
0.0003218,-4.64,0.072
0.0003219,-4.56,0.072
0.000322,-4.72,0.06
0.0003221,-4.72,0.068
0.0003222,-4.64,0.052
0.0003223,-4.72,0.052
0.0003224,-4.72,0.036
0.0003225,-4.72,0.048
0.0003226,-4.72,0.032
0.0003227,-4.72,0.032
0.0003228,-4.8,0.024
0.0003229,-4.88,0.024
0.000323,-4.8,0.016
0.0003231,-4.8,0.016
0.0003232,-4.88,0.008
0.0003233,-4.88,0.008
0.0003234,-4.88,0.004
0.0003235,-4.8,0
0.0003236,-4.8,-0.012
0.0003237,-4.88,-0.008
0.0003238,-4.88,-0.02
0.0003239,-4.96,-0.016
0.000324,-4.88,-0.028
0.0003241,-4.8,-0.032
0.0003242,-4.8,-0.04
0.0003243,-4.88,-0.036
0.0003244,-4.88,-0.044
0.0003245,-4.8,-0.048
0.0003246,-4.88,-0.06
0.0003247,-4.88,-0.056
0.0003248,-4.8,-0.06
0.0003249,-4.8,-0.072
0.000325,-4.88,-0.08
0.0003251,-4.8,-0.072
0.0003252,-4.8,-0.076
0.0003253,-4.72,-0.084
0.0003254,-4.72,-0.092
0.0003255,-4.88,-0.084
0.0003256,-4.8,-0.096
0.0003257,-4.72,-0.104
0.0003258,-4.72,-0.112
0.0003259,-4.72,-0.104
0.000326,-4.8,-0.112
0.0003261,-4.72,-0.112
0.0003262,-4.72,-0.124
0.0003263,-4.64,-0.132
0.0003264,-4.8,-0.124
0.0003265,-4.72,-0.128
0.0003266,-4.64,-0.128
0.0003267,-4.64,-0.148
0.0003268,-4.64,-0.14
0.0003269,-4.64,-0.152
0.000327,-4.56,-0.148
0.0003271,-4.64,-0.16
0.0003272,-4.56,-0.16
0.0003273,-4.56,-0.168
0.0003274,-4.56,-0.164
0.0003275,-4.56,-0.172
0.0003276,-4.48,-0.176
0.0003277,-4.48,-0.176
0.0003278,-4.48,-0.184
0.0003279,-4.4,-0.188
0.000328,-4.4,-0.188
0.0003281,-4.4,-0.196
0.0003282,-4.24,-0.192
0.0003283,-4.32,-0.208
0.0003284,-4.24,-0.204
0.0003285,-4.24,-0.216
0.0003286,-4.16,-0.204
0.0003287,-4.16,-0.212
0.0003288,-4.08,-0.212
0.0003289,-4.08,-0.224
0.000329,-4,-0.22
0.0003291,-4,-0.228
0.0003292,-4,-0.232
0.0003293,-3.92,-0.232
0.0003294,-3.92,-0.232
0.0003295,-3.92,-0.236
0.0003296,-3.84,-0.24
0.0003297,-3.84,-0.244
0.0003298,-3.84,-0.248
0.0003299,-3.76,-0.248
0.00033,-3.68,-0.244
0.0003301,-3.6,-0.26
0.0003302,-3.44,-0.26
0.0003303,-3.52,-0.268
0.0003304,-3.52,-0.26
0.0003305,-3.52,-0.272
0.0003306,-3.44,-0.264
0.0003307,-3.44,-0.272
0.0003308,-3.28,-0.272
0.0003309,-3.28,-0.28
0.000331,-3.28,-0.276
0.0003311,-3.28,-0.284
0.0003312,-3.12,-0.28
0.0003313,-3.12,-0.288
0.0003314,-3.12,-0.288
0.0003315,-3.04,-0.296
0.0003316,-2.88,-0.296
0.0003317,-2.88,-0.296
0.0003318,-2.96,-0.304
0.0003319,-2.8,-0.304
0.000332,-2.8,-0.304
0.0003321,-2.72,-0.304
0.0003322,-2.8,-0.308
0.0003323,-2.64,-0.308
0.0003324,-2.56,-0.308
0.0003325,-2.56,-0.32
0.0003326,-2.4,-0.308
0.0003327,-2.4,-0.32
0.0003328,-2.32,-0.32
0.0003329,-2.32,-0.324
0.000333,-2.32,-0.324
0.0003331,-2.24,-0.316
0.0003332,-2.16,-0.328
0.0003333,-2.08,-0.324
0.0003334,-2.08,-0.336
0.0003335,-2,-0.32
0.0003336,-1.92,-0.328
0.0003337,-1.84,-0.328
0.0003338,-1.84,-0.336
0.0003339,-1.68,-0.328
0.000334,-1.68,-0.332
0.0003341,-1.6,-0.336
0.0003342,-1.52,-0.336
0.0003343,-1.44,-0.336
0.0003344,-1.52,-0.336
0.0003345,-1.44,-0.332
0.0003346,-1.36,-0.344
0.0003347,-1.2,-0.332
0.0003348,-1.2,-0.348
0.0003349,-1.12,-0.336
0.000335,-1.04,-0.348
0.0003351,-1.04,-0.336
0.0003352,-0.88,-0.344
0.0003353,-0.96,-0.336
0.0003354,-0.88,-0.348
0.0003355,-0.88,-0.34
0.0003356,-0.8,-0.352
0.0003357,-0.64,-0.344
0.0003358,-0.64,-0.34
0.0003359,-0.64,-0.344
0.000336,-0.4,-0.352
0.0003361,-0.48,-0.336
0.0003362,-0.32,-0.344
0.0003363,-0.4,-0.34
0.0003364,-0.24,-0.344
0.0003365,-0.08,-0.328
0.0003366,-0.08,-0.352
0.0003367,-0.08,-0.348
0.0003368,0,-0.34
0.0003369,0,-0.324
0.000337,0.16,-0.348
0.0003371,0.16,-0.348
0.0003372,0.24,-0.336
0.0003373,0.32,-0.332
0.0003374,0.4,-0.344
0.0003375,0.4,-0.328
0.0003376,0.48,-0.34
0.0003377,0.48,-0.332
0.0003378,0.56,-0.332
0.0003379,0.64,-0.328
0.000338,0.72,-0.332
0.0003381,0.72,-0.336
0.0003382,0.88,-0.328
0.0003383,0.96,-0.328
0.0003384,0.96,-0.324
0.0003385,0.96,-0.328
0.0003386,0.96,-0.324
0.0003387,1.04,-0.316
0.0003388,1.2,-0.32
0.0003389,1.2,-0.324
0.000339,1.2,-0.32
0.0003391,1.36,-0.316
0.0003392,1.44,-0.316
0.0003393,1.44,-0.32
0.0003394,1.52,-0.312
0.0003395,1.52,-0.312
0.0003396,1.6,-0.304
0.0003397,1.6,-0.304
0.0003398,1.84,-0.296
0.0003399,1.76,-0.304
0.00034,1.92,-0.288
0.0003401,1.92,-0.296
0.0003402,2,-0.292
0.0003403,2.08,-0.296
0.0003404,2.16,-0.296
0.0003405,2.16,-0.288
0.0003406,2.24,-0.28
0.0003407,2.24,-0.284
0.0003408,2.32,-0.276
0.0003409,2.32,-0.28
0.000341,2.48,-0.272
0.0003411,2.48,-0.272
0.0003412,2.56,-0.264
0.0003413,2.56,-0.276
0.0003414,2.64,-0.264
0.0003415,2.72,-0.268
0.0003416,2.8,-0.256
0.0003417,2.88,-0.264
0.0003418,2.88,-0.252
0.0003419,2.88,-0.252
0.000342,2.88,-0.24
0.0003421,2.96,-0.252
0.0003422,3.04,-0.24
0.0003423,2.96,-0.244
0.0003424,3.12,-0.236
0.0003425,3.12,-0.24
0.0003426,3.2,-0.228
0.0003427,3.28,-0.22
0.0003428,3.36,-0.228
0.0003429,3.28,-0.224
0.000343,3.44,-0.212
0.0003431,3.44,-0.22
0.0003432,3.44,-0.208
0.0003433,3.44,-0.212
0.0003434,3.52,-0.196
0.0003435,3.52,-0.196
0.0003436,3.6,-0.192
0.0003437,3.68,-0.196
0.0003438,3.68,-0.18
0.0003439,3.76,-0.184
0.000344,3.84,-0.172
0.0003441,3.84,-0.176
0.0003442,3.84,-0.168
0.0003443,3.92,-0.164
0.0003444,4,-0.164
0.0003445,4,-0.16
0.0003446,4,-0.16
0.0003447,4,-0.152
0.0003448,4.16,-0.152
0.0003449,4.16,-0.14
0.000345,4.24,-0.14
0.0003451,4.16,-0.132
0.0003452,4.16,-0.132
0.0003453,4.16,-0.124
0.0003454,4.24,-0.116
0.0003455,4.24,-0.124
0.0003456,4.32,-0.12
0.0003457,4.4,-0.112
0.0003458,4.32,-0.112
0.0003459,4.4,-0.096
0.000346,4.4,-0.104
0.0003461,4.48,-0.1
0.0003462,4.48,-0.1
0.0003463,4.48,-0.076
0.0003464,4.56,-0.088
0.0003465,4.48,-0.08
0.0003466,4.56,-0.076
0.0003467,4.56,-0.064
0.0003468,4.56,-0.068
0.0003469,4.64,-0.06
0.000347,4.64,-0.064
0.0003471,4.64,-0.052
0.0003472,4.64,-0.048
0.0003473,4.64,-0.044
0.0003474,4.64,-0.048
0.0003475,4.72,-0.036
0.0003476,4.72,-0.032
0.0003477,4.8,-0.024
0.0003478,4.72,-0.024
0.0003479,4.72,-0.012
0.000348,4.8,-0.02
0.0003481,4.8,-0.008
0.0003482,4.8,-0.012
0.0003483,4.8,0.008
0.0003484,4.8,0.004
0.0003485,4.8,0.02
0.0003486,4.8,0.016
0.0003487,4.8,0.024
0.0003488,4.8,0.016
0.0003489,4.8,0.028
0.000349,4.8,0.024
0.0003491,4.8,0.036
0.0003492,4.8,0.032
0.0003493,4.8,0.044
0.0003494,4.88,0.044
0.0003495,4.96,0.056
0.0003496,4.88,0.056
0.0003497,4.8,0.068
0.0003498,4.8,0.068
0.0003499,4.88,0.068
0.00035,4.8,0.076
0.0003501,4.8,0.076
0.0003502,4.72,0.08
0.0003503,4.72,0.084
0.0003504,4.8,0.08
0.0003505,4.8,0.096
0.0003506,4.8,0.1
0.0003507,4.72,0.1
0.0003508,4.72,0.104
0.0003509,4.72,0.108
0.000351,4.72,0.12
0.0003511,4.72,0.12
0.0003512,4.72,0.124
0.0003513,4.72,0.116
0.0003514,4.72,0.136
0.0003515,4.72,0.136
0.0003516,4.64,0.14
0.0003517,4.64,0.14
0.0003518,4.56,0.148
0.0003519,4.56,0.148
0.000352,4.56,0.156
0.0003521,4.56,0.156
0.0003522,4.56,0.16
0.0003523,4.56,0.156
0.0003524,4.4,0.172
0.0003525,4.48,0.172
0.0003526,4.48,0.184
0.0003527,4.4,0.18
0.0003528,4.4,0.188
0.0003529,4.32,0.192
0.000353,4.24,0.196
0.0003531,4.24,0.188
0.0003532,4.24,0.2
0.0003533,4.24,0.2
0.0003534,4.16,0.208
0.0003535,4.08,0.196
0.0003536,4.08,0.208
0.0003537,4.08,0.204
0.0003538,4.08,0.224
0.0003539,4,0.224
0.000354,4,0.224
0.0003541,4,0.232
0.0003542,4,0.24
0.0003543,3.92,0.232
0.0003544,3.92,0.236
0.0003545,3.84,0.24
0.0003546,3.84,0.244
0.0003547,3.76,0.24
0.0003548,3.84,0.248
0.0003549,3.68,0.248
0.000355,3.68,0.26
0.0003551,3.68,0.252
0.0003552,3.6,0.264
0.0003553,3.6,0.26
0.0003554,3.52,0.272
0.0003555,3.44,0.272
0.0003556,3.36,0.276
0.0003557,3.44,0.284
0.0003558,3.36,0.276
0.0003559,3.28,0.28
0.000356,3.28,0.28
0.0003561,3.2,0.284
0.0003562,3.2,0.284
0.0003563,3.04,0.296
0.0003564,3.04,0.292
0.0003565,3.04,0.288
0.0003566,2.96,0.3
0.0003567,2.96,0.3
0.0003568,2.8,0.296
0.0003569,2.88,0.304
0.000357,2.8,0.304
0.0003571,2.72,0.308
0.0003572,2.64,0.312
0.0003573,2.64,0.312
0.0003574,2.48,0.316
0.0003575,2.48,0.32
0.0003576,2.4,0.312
0.0003577,2.4,0.32
0.0003578,2.4,0.316
0.0003579,2.24,0.328
0.000358,2.32,0.316
0.0003581,2.16,0.332
0.0003582,2.08,0.324
0.0003583,2.16,0.324
0.0003584,2.08,0.328
0.0003585,1.84,0.34
0.0003586,1.92,0.328
0.0003587,1.84,0.336
0.0003588,1.76,0.332
0.0003589,1.68,0.34
0.000359,1.76,0.336
0.0003591,1.6,0.34
0.0003592,1.52,0.332
0.0003593,1.6,0.34
0.0003594,1.6,0.34
0.0003595,1.44,0.344
0.0003596,1.44,0.34
0.0003597,1.2,0.356
0.0003598,1.2,0.34
0.0003599,1.12,0.352
0.00036,1.12,0.336
0.0003601,1.04,0.344
0.0003602,1.04,0.344
0.0003603,0.96,0.348
0.0003604,0.88,0.344
0.0003605,0.88,0.348
0.0003606,0.72,0.352
0.0003607,0.64,0.348
0.0003608,0.64,0.352
0.0003609,0.64,0.344
0.000361,0.64,0.348
0.0003611,0.48,0.348
0.0003612,0.4,0.344
0.0003613,0.4,0.348
0.0003614,0.24,0.344
0.0003615,0.16,0.344
0.0003616,0.16,0.34
0.0003617,0.08,0.352
0.0003618,0.08,0.348
0.0003619,-0.08,0.344
0.000362,-0.08,0.34
0.0003621,-0.08,0.344
0.0003622,-0.24,0.34
0.0003623,-0.32,0.336
0.0003624,-0.4,0.34
0.0003625,-0.32,0.332
0.0003626,-0.4,0.34
0.0003627,-0.48,0.336
0.0003628,-0.56,0.344
0.0003629,-0.64,0.324
0.000363,-0.64,0.34
0.0003631,-0.8,0.332
0.0003632,-0.72,0.332
0.0003633,-0.96,0.324
0.0003634,-0.88,0.324
0.0003635,-1.04,0.32
0.0003636,-1.12,0.328
0.0003637,-1.12,0.32
0.0003638,-1.2,0.324
0.0003639,-1.28,0.316
0.000364,-1.28,0.324
0.0003641,-1.36,0.312
0.0003642,-1.44,0.316
0.0003643,-1.52,0.316
0.0003644,-1.44,0.32
0.0003645,-1.52,0.304
0.0003646,-1.68,0.316
0.0003647,-1.68,0.3
0.0003648,-1.76,0.312
0.0003649,-1.84,0.296
0.000365,-1.92,0.296
0.0003651,-1.92,0.3
0.0003652,-2.08,0.3
0.0003653,-2.08,0.288
0.0003654,-2.16,0.292
0.0003655,-2.24,0.296
0.0003656,-2.24,0.284
0.0003657,-2.32,0.284
0.0003658,-2.32,0.28
0.0003659,-2.4,0.276
0.000366,-2.56,0.276
0.0003661,-2.48,0.276
0.0003662,-2.48,0.272
0.0003663,-2.56,0.264
0.0003664,-2.72,0.276
0.0003665,-2.72,0.256
0.0003666,-2.8,0.256
0.0003667,-2.88,0.256
0.0003668,-2.88,0.248
0.0003669,-2.88,0.256
0.000367,-2.96,0.248
0.0003671,-3.04,0.244
0.0003672,-3.04,0.24
0.0003673,-3.12,0.248
0.0003674,-3.12,0.24
0.0003675,-3.12,0.232
0.0003676,-3.28,0.232
0.0003677,-3.28,0.228
0.0003678,-3.36,0.224
0.0003679,-3.28,0.224
0.000368,-3.36,0.208
0.0003681,-3.44,0.212
0.0003682,-3.52,0.204
0.0003683,-3.6,0.212
0.0003684,-3.6,0.212
0.0003685,-3.6,0.204
0.0003686,-3.68,0.188
0.0003687,-3.76,0.196
0.0003688,-3.76,0.188
0.0003689,-3.76,0.192
0.000369,-3.76,0.18
0.0003691,-3.84,0.188
0.0003692,-3.92,0.172
0.0003693,-3.92,0.184
0.0003694,-4,0.164
0.0003695,-3.92,0.168
0.0003696,-4.08,0.16
0.0003697,-4,0.16
0.0003698,-4.08,0.148
0.0003699,-4.16,0.156
0.00037,-4.16,0.148
0.0003701,-4.16,0.144
0.0003702,-4.24,0.132
0.0003703,-4.32,0.132
0.0003704,-4.32,0.128
0.0003705,-4.24,0.124
0.0003706,-4.24,0.12
0.0003707,-4.4,0.116
0.0003708,-4.4,0.108
0.0003709,-4.4,0.112
0.000371,-4.48,0.104
0.0003711,-4.48,0.1
0.0003712,-4.48,0.092
0.0003713,-4.56,0.096
0.0003714,-4.56,0.072
0.0003715,-4.56,0.088
0.0003716,-4.48,0.084
0.0003717,-4.56,0.08
0.0003718,-4.56,0.072
0.0003719,-4.64,0.064
0.000372,-4.64,0.068
0.0003721,-4.64,0.056
0.0003722,-4.72,0.052
0.0003723,-4.72,0.044
0.0003724,-4.72,0.048
0.0003725,-4.72,0.044
0.0003726,-4.72,0.036
0.0003727,-4.8,0.032
0.0003728,-4.8,0.024
0.0003729,-4.8,0.024
0.000373,-4.8,0.024
0.0003731,-4.88,0.012
0.0003732,-4.8,0.008
0.0003733,-4.8,0.008
0.0003734,-4.88,0.004
0.0003735,-4.8,-0.004
0.0003736,-4.8,-0.012
0.0003737,-4.88,-0.024
0.0003738,-4.8,-0.02
0.0003739,-4.8,-0.016
0.000374,-4.8,-0.028
0.0003741,-4.88,-0.036
0.0003742,-4.88,-0.032
0.0003743,-4.8,-0.044
0.0003744,-4.8,-0.036
0.0003745,-4.8,-0.048
0.0003746,-4.8,-0.048
0.0003747,-4.8,-0.064
0.0003748,-4.88,-0.052
0.0003749,-4.88,-0.06
0.000375,-4.8,-0.072
0.0003751,-4.88,-0.08
0.0003752,-4.8,-0.072
0.0003753,-4.88,-0.08
0.0003754,-4.8,-0.084
0.0003755,-4.72,-0.092
0.0003756,-4.8,-0.1
0.0003757,-4.8,-0.104
0.0003758,-4.72,-0.096
0.0003759,-4.8,-0.116
0.000376,-4.8,-0.108
0.0003761,-4.72,-0.124
0.0003762,-4.72,-0.112
0.0003763,-4.72,-0.128
0.0003764,-4.72,-0.12
0.0003765,-4.64,-0.136
0.0003766,-4.64,-0.136
0.0003767,-4.64,-0.136
0.0003768,-4.64,-0.14
0.0003769,-4.64,-0.152
0.000377,-4.56,-0.16
0.0003771,-4.64,-0.156
0.0003772,-4.48,-0.156
0.0003773,-4.48,-0.164
0.0003774,-4.48,-0.172
0.0003775,-4.56,-0.172
0.0003776,-4.48,-0.172
0.0003777,-4.48,-0.18
0.0003778,-4.48,-0.18
0.0003779,-4.4,-0.188
0.000378,-4.32,-0.184
0.0003781,-4.32,-0.192
0.0003782,-4.4,-0.196
0.0003783,-4.24,-0.2
0.0003784,-4.24,-0.204
0.0003785,-4.16,-0.204
0.0003786,-4.24,-0.212
0.0003787,-4.08,-0.208
0.0003788,-4.08,-0.216
0.0003789,-4.08,-0.22
0.000379,-4,-0.224
0.0003791,-4,-0.22
0.0003792,-4,-0.232
0.0003793,-3.92,-0.236
0.0003794,-3.92,-0.244
0.0003795,-3.92,-0.236
0.0003796,-3.84,-0.244
0.0003797,-3.84,-0.24
0.0003798,-3.76,-0.252
0.0003799,-3.76,-0.252
0.00038,-3.68,-0.252
0.0003801,-3.68,-0.252
0.0003802,-3.6,-0.26
0.0003803,-3.6,-0.26
0.0003804,-3.44,-0.272
0.0003805,-3.52,-0.26
0.0003806,-3.44,-0.272
0.0003807,-3.44,-0.264
0.0003808,-3.44,-0.284
0.0003809,-3.28,-0.268
0.000381,-3.28,-0.288
0.0003811,-3.2,-0.28
0.0003812,-3.2,-0.288
0.0003813,-3.2,-0.288
0.0003814,-3.04,-0.296
0.0003815,-3.04,-0.288
0.0003816,-3.04,-0.3
0.0003817,-2.88,-0.3
0.0003818,-2.88,-0.304
0.0003819,-2.88,-0.296
0.000382,-2.8,-0.3
0.0003821,-2.8,-0.308
0.0003822,-2.72,-0.308
0.0003823,-2.72,-0.3
0.0003824,-2.56,-0.312
0.0003825,-2.64,-0.312
0.0003826,-2.48,-0.324
0.0003827,-2.48,-0.312
0.0003828,-2.4,-0.324
0.0003829,-2.24,-0.316
0.000383,-2.24,-0.324
0.0003831,-2.24,-0.328
0.0003832,-2.08,-0.316
0.0003833,-2.08,-0.32
0.0003834,-2.08,-0.324
0.0003835,-2,-0.332
0.0003836,-1.92,-0.328
0.0003837,-1.84,-0.324
0.0003838,-1.68,-0.32
0.0003839,-1.76,-0.332
0.000384,-1.68,-0.336
0.0003841,-1.6,-0.344
0.0003842,-1.6,-0.332
0.0003843,-1.52,-0.332
0.0003844,-1.44,-0.336
0.0003845,-1.36,-0.34
0.0003846,-1.36,-0.336
0.0003847,-1.28,-0.336
0.0003848,-1.28,-0.34
0.0003849,-1.2,-0.348
0.000385,-1.2,-0.336
0.0003851,-1.12,-0.34
0.0003852,-1.04,-0.336
0.0003853,-0.96,-0.34
0.0003854,-0.96,-0.34
0.0003855,-0.8,-0.344
0.0003856,-0.72,-0.34
0.0003857,-0.64,-0.352
0.0003858,-0.64,-0.34
0.0003859,-0.56,-0.352
0.000386,-0.4,-0.344
0.0003861,-0.48,-0.348
0.0003862,-0.32,-0.344
0.0003863,-0.32,-0.344
0.0003864,-0.24,-0.34
0.0003865,-0.16,-0.34
0.0003866,-0.16,-0.344
0.0003867,-0.08,-0.352
0.0003868,-0.08,-0.34
0.0003869,0,-0.328
0.000387,0.16,-0.34
0.0003871,0.24,-0.356
0.0003872,0.24,-0.332
0.0003873,0.32,-0.336
0.0003874,0.4,-0.332
0.0003875,0.4,-0.348
0.0003876,0.48,-0.332
0.0003877,0.48,-0.336
0.0003878,0.64,-0.332
0.0003879,0.72,-0.344
0.000388,0.8,-0.324
0.0003881,0.72,-0.32
0.0003882,0.8,-0.332
0.0003883,0.88,-0.328
0.0003884,1.04,-0.324
0.0003885,1.04,-0.324
0.0003886,1.04,-0.328
0.0003887,1.12,-0.328
0.0003888,1.2,-0.324
0.0003889,1.12,-0.316
0.000389,1.28,-0.32
0.0003891,1.44,-0.32
0.0003892,1.44,-0.316
0.0003893,1.52,-0.316
0.0003894,1.52,-0.312
0.0003895,1.6,-0.312
0.0003896,1.68,-0.308
0.0003897,1.76,-0.304
0.0003898,1.68,-0.304
0.0003899,1.84,-0.296
0.00039,1.84,-0.304
0.0003901,1.92,-0.3
0.0003902,2.08,-0.304
0.0003903,2,-0.292
0.0003904,2.08,-0.296
0.0003905,2.08,-0.292
0.0003906,2.24,-0.288
0.0003907,2.24,-0.28
0.0003908,2.32,-0.288
0.0003909,2.4,-0.276
0.000391,2.48,-0.276
0.0003911,2.48,-0.276
0.0003912,2.64,-0.272
0.0003913,2.64,-0.264
0.0003914,2.56,-0.272
0.0003915,2.64,-0.264
0.0003916,2.64,-0.264
0.0003917,2.72,-0.256
0.0003918,2.8,-0.26
0.0003919,2.88,-0.252
0.000392,2.96,-0.256
0.0003921,2.96,-0.24
0.0003922,2.96,-0.244
0.0003923,3.04,-0.228
0.0003924,3.12,-0.244
0.0003925,3.12,-0.228
0.0003926,3.2,-0.228
0.0003927,3.28,-0.22
0.0003928,3.28,-0.228
0.0003929,3.36,-0.216
0.000393,3.36,-0.216
0.0003931,3.36,-0.204
0.0003932,3.36,-0.208
0.0003933,3.52,-0.208
0.0003934,3.68,-0.2
0.0003935,3.6,-0.2
0.0003936,3.68,-0.192
0.0003937,3.68,-0.184
0.0003938,3.76,-0.188
0.0003939,3.76,-0.18
0.000394,3.84,-0.184
0.0003941,3.92,-0.168
0.0003942,3.84,-0.18
0.0003943,3.92,-0.172
0.0003944,3.92,-0.16
0.0003945,4.08,-0.152
0.0003946,4,-0.152
0.0003947,4.08,-0.16
0.0003948,4.08,-0.14
0.0003949,4.16,-0.148
0.000395,4.16,-0.14
0.0003951,4.16,-0.14
0.0003952,4.32,-0.128
0.0003953,4.24,-0.136
0.0003954,4.32,-0.116
0.0003955,4.32,-0.12
0.0003956,4.32,-0.116
0.0003957,4.32,-0.112
0.0003958,4.32,-0.104
0.0003959,4.48,-0.104
0.000396,4.4,-0.1
0.0003961,4.4,-0.104
0.0003962,4.48,-0.096
0.0003963,4.4,-0.088
0.0003964,4.48,-0.072
0.0003965,4.56,-0.084
0.0003966,4.56,-0.068
0.0003967,4.48,-0.076
0.0003968,4.64,-0.06
0.0003969,4.56,-0.064
0.000397,4.72,-0.048
0.0003971,4.72,-0.06
0.0003972,4.64,-0.048
0.0003973,4.64,-0.048
0.0003974,4.64,-0.032
0.0003975,4.72,-0.04
0.0003976,4.8,-0.032
0.0003977,4.72,-0.036
0.0003978,4.56,-0.024
0.0003979,4.8,-0.02
0.000398,4.72,-0.012
0.0003981,4.64,-0.012
0.0003982,4.88,-0.008
0.0003983,4.8,0
0.0003984,4.72,0.004
0.0003985,4.72,0.008
0.0003986,4.8,0.008
0.0003987,4.8,0.016
0.0003988,4.8,0.028
0.0003989,4.88,0.016
0.000399,4.88,0.032
0.0003991,4.8,0.024
0.0003992,4.88,0.04
0.0003993,4.8,0.044
0.0003994,4.88,0.044
0.0003995,4.8,0.052
0.0003996,4.88,0.052
0.0003997,4.88,0.072
0.0003998,4.8,0.06
0.0003999,4.8,0.076
0.0004,4.88,0.064
0.0004001,4.88,0.08
0.0004002,4.8,0.08
0.0004003,4.8,0.092
0.0004004,4.88,0.084
0.0004005,4.8,0.092
0.0004006,4.8,0.096
0.0004007,4.8,0.104
0.0004008,4.8,0.104
0.0004009,4.72,0.108
0.000401,4.72,0.104
0.0004011,4.8,0.12
0.0004012,4.64,0.12
0.0004013,4.64,0.128
0.0004014,4.64,0.124
0.0004015,4.64,0.144
0.0004016,4.72,0.136
0.0004017,4.56,0.152
0.0004018,4.64,0.14
0.0004019,4.64,0.152
0.000402,4.56,0.148
0.0004021,4.64,0.164
0.0004022,4.48,0.156
0.0004023,4.48,0.164
0.0004024,4.56,0.172
0.0004025,4.4,0.172
0.0004026,4.48,0.172
0.0004027,4.48,0.18
0.0004028,4.32,0.188
0.0004029,4.32,0.188
0.000403,4.32,0.188
0.0004031,4.24,0.2
0.0004032,4.24,0.196
0.0004033,4.16,0.204
0.0004034,4.24,0.204
0.0004035,4.16,0.212
0.0004036,4.16,0.22
0.0004037,4.08,0.22
0.0004038,4,0.224
0.0004039,4.16,0.216
0.000404,4,0.22
0.0004041,4,0.232
0.0004042,3.92,0.24
0.0004043,3.92,0.236
0.0004044,3.84,0.244
0.0004045,3.84,0.24
0.0004046,3.84,0.252
0.0004047,3.76,0.236
0.0004048,3.76,0.252
0.0004049,3.76,0.248
0.000405,3.68,0.264
0.0004051,3.6,0.26
0.0004052,3.52,0.26
0.0004053,3.52,0.26
0.0004054,3.52,0.276
0.0004055,3.52,0.268
0.0004056,3.44,0.268
0.0004057,3.36,0.276
0.0004058,3.36,0.28
0.0004059,3.2,0.28
