-0.002260,3.040000,2.960000
-0.002258,3.040000,2.960000
-0.002256,3.040000,2.960000
-0.002254,3.120000,2.960000
-0.002252,3.040000,2.960000
-0.002250,3.040000,2.960000
-0.002248,3.040000,2.960000
-0.002246,3.040000,2.960000
-0.002244,3.040000,2.960000
-0.002242,3.120000,2.960000
-0.002240,3.040000,2.960000
-0.002238,3.040000,2.960000
-0.002236,3.040000,2.960000
-0.002234,3.040000,2.960000
-0.002232,3.040000,2.960000
-0.002230,3.040000,2.960000
-0.002228,3.040000,2.960000
-0.002226,3.040000,2.960000
-0.002224,3.040000,2.960000
-0.002222,3.040000,3.040000
-0.002220,3.040000,2.960000
-0.002218,3.040000,2.960000
-0.002216,3.040000,2.960000
-0.002214,3.040000,2.960000
-0.002212,3.040000,3.040000
-0.002210,3.040000,2.960000
-0.002208,3.040000,2.960000
-0.002206,3.040000,2.960000
-0.002204,3.040000,2.960000
-0.002202,3.040000,3.040000
-0.002200,3.040000,2.960000
-0.002198,3.040000,2.960000
-0.002196,3.040000,2.960000
-0.002194,3.040000,3.040000
-0.002192,3.040000,2.960000
-0.002190,3.040000,2.960000
-0.002188,3.040000,2.960000
-0.002186,3.040000,2.960000
-0.002184,3.040000,2.960000
-0.002182,3.040000,3.040000
-0.002180,3.040000,3.040000
-0.002178,3.040000,3.040000
-0.002176,3.040000,3.040000
-0.002174,3.040000,3.040000
-0.002172,3.040000,3.040000
-0.002170,3.040000,3.040000
-0.002168,3.040000,3.040000
-0.002166,3.040000,3.040000
-0.002164,3.040000,3.040000
-0.002162,3.040000,3.040000
-0.002160,3.040000,3.040000
-0.002158,3.040000,3.040000
-0.002156,3.040000,2.960000
-0.002154,3.040000,3.040000
-0.002152,3.040000,3.040000
-0.002150,3.040000,3.040000
-0.002148,3.040000,3.040000
-0.002146,3.040000,2.960000
-0.002144,3.040000,3.120000
-0.002142,3.040000,3.040000
-0.002140,3.040000,3.040000
-0.002138,3.040000,2.960000
-0.002136,3.040000,3.040000
-0.002134,3.040000,3.040000
-0.002132,3.040000,2.960000
-0.002130,3.120000,2.960000
-0.002128,3.120000,3.040000
-0.002126,3.040000,3.040000
-0.002124,3.040000,3.040000
-0.002122,3.040000,3.040000
-0.002120,3.040000,3.040000
-0.002118,3.040000,3.040000
-0.002116,3.040000,3.040000
-0.002114,3.040000,2.960000
-0.002112,3.040000,3.040000
-0.002110,3.040000,3.040000
-0.002108,3.040000,2.960000
-0.002106,3.040000,3.040000
-0.002104,3.040000,2.960000
-0.002102,3.040000,3.040000
-0.002100,3.120000,3.040000
-0.002098,3.120000,2.960000
-0.002096,3.120000,2.960000
-0.002094,3.040000,2.960000
-0.002092,3.120000,3.040000
-0.002090,3.040000,3.040000
-0.002088,3.040000,2.960000
-0.002086,3.040000,3.040000
-0.002084,3.040000,3.040000
-0.002082,3.040000,2.960000
-0.002080,3.040000,2.960000
-0.002078,3.040000,2.960000
-0.002076,3.040000,3.040000
-0.002074,3.120000,2.960000
-0.002072,3.040000,2.960000
-0.002070,3.040000,2.960000
-0.002068,3.040000,2.960000
-0.002066,3.120000,2.960000
-0.002064,3.040000,2.960000
-0.002062,3.120000,2.960000
-0.002060,3.040000,2.960000
-0.002058,3.120000,2.960000
-0.002056,3.040000,3.040000
-0.002054,3.040000,2.960000
-0.002052,3.040000,3.040000
-0.002050,3.040000,2.960000
-0.002048,3.040000,3.040000
-0.002046,3.040000,2.960000
-0.002044,3.040000,2.960000
-0.002042,3.040000,2.960000
-0.002040,3.040000,3.040000
-0.002038,3.040000,2.960000
-0.002036,3.040000,3.040000
-0.002034,3.040000,2.960000
-0.002032,3.040000,2.960000
-0.002030,3.040000,2.960000
-0.002028,3.040000,2.960000
-0.002026,3.040000,2.960000
-0.002024,3.040000,2.960000
-0.002022,3.040000,3.040000
-0.002020,3.040000,3.040000
-0.002018,3.040000,3.040000
-0.002016,3.040000,2.960000
-0.002014,3.040000,2.960000
-0.002012,3.040000,3.040000
-0.002010,3.040000,3.040000
-0.002008,3.040000,2.960000
-0.002006,3.040000,3.040000
-0.002004,3.040000,3.040000
-0.002002,3.040000,2.960000
-0.002000,3.040000,3.040000
-0.001998,3.040000,2.960000
-0.001996,3.040000,3.040000
-0.001994,3.040000,3.040000
-0.001992,3.040000,3.040000
-0.001990,3.040000,2.960000
-0.001988,3.040000,3.040000
-0.001986,3.040000,3.040000
-0.001984,3.040000,3.040000
-0.001982,3.040000,3.040000
-0.001980,3.040000,3.040000
-0.001978,3.120000,2.960000
-0.001976,3.040000,3.040000
-0.001974,3.040000,3.040000
-0.001972,3.040000,3.040000
-0.001970,3.040000,2.960000
-0.001968,3.040000,3.040000
-0.001966,3.040000,3.040000
-0.001964,3.040000,3.040000
-0.001962,3.040000,3.040000
-0.001960,3.040000,3.040000
-0.001958,3.040000,3.040000
-0.001956,3.040000,3.040000
-0.001954,3.040000,2.960000
-0.001952,3.040000,3.040000
-0.001950,3.040000,2.960000
-0.001948,3.040000,3.040000
-0.001946,3.120000,2.960000
-0.001944,3.040000,3.040000
-0.001942,3.040000,3.040000
-0.001940,3.040000,3.040000
-0.001938,3.040000,3.040000
-0.001936,3.040000,2.960000
-0.001934,3.040000,3.040000
-0.001932,3.040000,3.040000
-0.001930,3.040000,2.960000
-0.001928,3.040000,3.040000
-0.001926,3.040000,3.040000
-0.001924,3.040000,2.960000
-0.001922,3.120000,2.960000
-0.001920,3.040000,2.960000
-0.001918,3.040000,3.040000
-0.001916,3.040000,3.040000
-0.001914,3.040000,3.040000
-0.001912,3.040000,3.040000
-0.001910,3.040000,2.960000
-0.001908,3.040000,3.040000
-0.001906,3.040000,2.960000
-0.001904,3.040000,2.960000
-0.001902,3.040000,3.040000
-0.001900,3.040000,3.040000
-0.001898,3.040000,2.960000
-0.001896,3.120000,2.960000
-0.001894,3.040000,3.040000
-0.001892,3.040000,3.040000
-0.001890,3.040000,3.040000
-0.001888,3.040000,3.040000
-0.001886,3.040000,2.960000
-0.001884,3.040000,2.960000
-0.001882,3.040000,3.040000
-0.001880,3.040000,2.960000
-0.001878,3.040000,2.960000
-0.001876,3.040000,2.960000
-0.001874,3.040000,2.960000
-0.001872,3.040000,3.040000
-0.001870,3.040000,2.960000
-0.001868,3.040000,2.960000
-0.001866,3.040000,2.960000
-0.001864,3.040000,2.960000
-0.001862,3.040000,2.960000
-0.001860,3.040000,3.040000
-0.001858,3.040000,2.960000
-0.001856,3.040000,3.040000
-0.001854,3.040000,2.960000
-0.001852,3.040000,3.040000
-0.001850,3.040000,3.040000
-0.001848,3.040000,2.960000
-0.001846,3.120000,3.040000
-0.001844,3.040000,3.040000
-0.001842,3.040000,2.960000
-0.001840,3.040000,2.960000
-0.001838,3.040000,2.960000
-0.001836,3.120000,2.960000
-0.001834,3.040000,2.960000
-0.001832,3.040000,2.960000
-0.001830,3.040000,3.040000
-0.001828,3.040000,2.960000
-0.001826,3.040000,3.040000
-0.001824,3.040000,3.040000
-0.001822,3.040000,3.040000
-0.001820,3.040000,2.960000
-0.001818,3.040000,3.040000
-0.001816,3.040000,3.040000
-0.001814,3.040000,3.040000
-0.001812,3.040000,2.960000
-0.001810,3.120000,2.960000
-0.001808,3.040000,2.960000
-0.001806,3.040000,2.960000
-0.001804,3.040000,3.040000
-0.001802,3.040000,3.040000
-0.001800,3.040000,2.960000
-0.001798,3.040000,2.960000
-0.001796,3.040000,2.960000
-0.001794,3.040000,3.040000
-0.001792,3.040000,3.040000
-0.001790,3.040000,3.040000
-0.001788,3.040000,3.040000
-0.001786,3.040000,3.040000
-0.001784,3.040000,3.040000
-0.001782,3.040000,2.960000
-0.001780,3.040000,2.960000
-0.001778,3.040000,3.040000
-0.001776,3.040000,3.040000
-0.001774,3.120000,3.040000
-0.001772,3.040000,3.040000
-0.001770,3.040000,3.040000
-0.001768,3.040000,3.040000
-0.001766,3.040000,3.040000
-0.001764,3.040000,3.040000
-0.001762,3.040000,3.040000
-0.001760,3.040000,2.960000
-0.001758,3.040000,2.960000
-0.001756,3.040000,3.040000
-0.001754,3.040000,2.960000
-0.001752,3.040000,3.040000
-0.001750,3.040000,2.960000
-0.001748,3.040000,2.960000
-0.001746,3.040000,3.040000
-0.001744,3.120000,3.040000
-0.001742,3.040000,3.040000
-0.001740,3.040000,2.960000
-0.001738,3.040000,3.040000
-0.001736,3.040000,3.040000
-0.001734,3.040000,3.040000
-0.001732,3.040000,3.040000
-0.001730,3.040000,3.040000
-0.001728,3.040000,3.040000
-0.001726,3.040000,2.960000
-0.001724,3.120000,3.040000
-0.001722,3.040000,3.040000
-0.001720,3.040000,3.040000
-0.001718,3.040000,2.960000
-0.001716,3.040000,2.960000
-0.001714,3.040000,2.960000
-0.001712,3.120000,3.040000
-0.001710,3.040000,2.960000
-0.001708,3.040000,2.960000
-0.001706,-2.800000,2.960000
-0.001704,-2.800000,2.960000
-0.001702,-2.800000,2.880000
-0.001700,-2.720000,2.800000
-0.001698,-2.720000,2.720000
-0.001696,-2.640000,2.560000
-0.001694,-2.640000,2.400000
-0.001692,-2.560000,2.240000
-0.001690,-2.480000,2.080000
-0.001688,-2.480000,1.840000
-0.001686,-2.480000,1.600000
-0.001684,-2.400000,1.440000
-0.001682,-2.400000,1.200000
-0.001680,-2.400000,0.880000
-0.001678,-2.320000,0.640000
-0.001676,-2.320000,0.400000
-0.001674,-2.320000,0.160000
-0.001672,-2.240000,-0.160000
-0.001670,-2.240000,-0.480000
-0.001668,-2.240000,-0.720000
-0.001666,-2.240000,-1.040000
-0.001664,-2.160000,-1.280000
-0.001662,-2.160000,-1.600000
-0.001660,-2.160000,-1.920000
-0.001658,-2.240000,-2.240000
-0.001656,-2.240000,-2.560000
-0.001654,-2.240000,-2.880000
-0.001652,-2.240000,-3.200000
-0.001650,-2.240000,-3.520000
-0.001648,-2.240000,-3.840000
-0.001646,-2.320000,-4.240000
-0.001644,-2.320000,-4.560000
-0.001642,-2.320000,-4.800000
-0.001640,-2.400000,-5.120000
-0.001638,-2.400000,-5.440000
-0.001636,-2.400000,-5.680000
-0.001634,-2.480000,-6.000000
-0.001632,-2.560000,-6.240000
-0.001630,-2.560000,-6.480000
-0.001628,-2.560000,-6.640000
-0.001626,-2.640000,-6.880000
-0.001624,-2.720000,-7.040000
-0.001622,-2.720000,-7.280000
-0.001620,-2.720000,-7.360000
-0.001618,-2.800000,-7.440000
-0.001616,-2.880000,-7.520000
-0.001614,-2.960000,-7.520000
-0.001612,-2.960000,-7.600000
-0.001610,-2.960000,-7.520000
-0.001608,-3.040000,-7.520000
-0.001606,-3.120000,-7.440000
-0.001604,-3.120000,-7.360000
-0.001602,-3.120000,-7.280000
-0.001600,-3.200000,-7.120000
-0.001598,-3.280000,-6.960000
-0.001596,-3.280000,-6.720000
-0.001594,-3.360000,-6.560000
-0.001592,-3.360000,-6.320000
-0.001590,-3.360000,-6.080000
-0.001588,-3.440000,-5.840000
-0.001586,-3.440000,-5.680000
-0.001584,-3.440000,-5.440000
-0.001582,-3.520000,-5.200000
-0.001580,-3.440000,-4.880000
-0.001578,-3.520000,-4.640000
-0.001576,-3.520000,-4.400000
-0.001574,-3.520000,-4.160000
-0.001572,-3.520000,-3.920000
-0.001570,-3.520000,-3.680000
-0.001568,-3.520000,-3.440000
-0.001566,-3.520000,-3.200000
-0.001564,-3.520000,-2.960000
-0.001562,-3.520000,-2.800000
-0.001560,-3.520000,-2.480000
-0.001558,-3.440000,-2.320000
-0.001556,-3.440000,-2.160000
-0.001554,-3.440000,-1.920000
-0.001552,-3.360000,-1.760000
-0.001550,-3.360000,-1.600000
-0.001548,-3.360000,-1.520000
-0.001546,-3.360000,-1.280000
-0.001544,-3.360000,-1.200000
-0.001542,-3.280000,-1.040000
-0.001540,-3.280000,-0.960000
-0.001538,-3.200000,-0.800000
-0.001536,-3.200000,-0.720000
-0.001534,-3.200000,-0.640000
-0.001532,-3.200000,-0.560000
-0.001530,-3.120000,-0.480000
-0.001528,-3.120000,-0.480000
-0.001526,-3.120000,-0.400000
-0.001524,-3.040000,-0.320000
-0.001522,-3.040000,-0.400000
-0.001520,-3.040000,-0.320000
-0.001518,-2.960000,-0.320000
-0.001516,-2.960000,-0.400000
-0.001514,-2.960000,-0.320000
-0.001512,-2.960000,-0.400000
-0.001510,-2.880000,-0.480000
-0.001508,-2.880000,-0.560000
-0.001506,-2.880000,-0.640000
-0.001504,-2.800000,-0.640000
-0.001502,-2.800000,-0.720000
-0.001500,-2.800000,-0.800000
-0.001498,-2.720000,-0.880000
-0.001496,-2.720000,-1.040000
-0.001494,-2.720000,-1.120000
-0.001492,-2.720000,-1.200000
-0.001490,-2.720000,-1.360000
-0.001488,-2.640000,-1.440000
-0.001486,-2.640000,-1.600000
-0.001484,-2.720000,-1.760000
-0.001482,-2.640000,-1.840000
-0.001480,-2.640000,-2.080000
-0.001478,-2.640000,-2.160000
-0.001476,-2.640000,-2.320000
-0.001474,-2.640000,-2.400000
-0.001472,-2.640000,-2.560000
-0.001470,-2.640000,-2.720000
-0.001468,-2.640000,-2.880000
-0.001466,-2.640000,-3.040000
-0.001464,-2.640000,-3.200000
-0.001462,-2.640000,-3.360000
-0.001460,-2.720000,-3.440000
-0.001458,-2.720000,-3.600000
-0.001456,-2.720000,-3.760000
-0.001454,-2.720000,-3.920000
-0.001452,-2.720000,-4.000000
-0.001450,-2.800000,-4.080000
-0.001448,-2.800000,-4.240000
-0.001446,-2.800000,-4.240000
-0.001444,-2.800000,-4.480000
-0.001442,-2.880000,-4.480000
-0.001440,-2.880000,-4.560000
-0.001438,-2.880000,-4.640000
-0.001436,-2.880000,-4.640000
-0.001434,-2.880000,-4.720000
-0.001432,-2.880000,-4.800000
-0.001430,-2.960000,-4.800000
-0.001428,-2.960000,-4.880000
-0.001426,-2.960000,-4.880000
-0.001424,-3.040000,-4.880000
-0.001422,-2.960000,-4.880000
-0.001420,-3.040000,-4.880000
-0.001418,-3.040000,-4.880000
-0.001416,-3.040000,-4.720000
-0.001414,-3.040000,-4.720000
-0.001412,-3.120000,-4.720000
-0.001410,-3.120000,-4.640000
-0.001408,-3.120000,-4.560000
-0.001406,-3.120000,-4.480000
-0.001404,-3.120000,-4.480000
-0.001402,-3.200000,-4.320000
-0.001400,-3.200000,-4.240000
-0.001398,-3.200000,-4.160000
-0.001396,-3.200000,-4.080000
-0.001394,-3.200000,-3.920000
-0.001392,-3.200000,-3.840000
-0.001390,-3.200000,-3.840000
-0.001388,-3.200000,-3.600000
-0.001386,-3.200000,-3.520000
-0.001384,-3.200000,-3.440000
-0.001382,-3.200000,-3.360000
-0.001380,-3.280000,-3.200000
-0.001378,-3.200000,-3.120000
-0.001376,-3.200000,-3.040000
-0.001374,-3.200000,-2.960000
-0.001372,-3.200000,-2.800000
-0.001370,-3.200000,-2.720000
-0.001368,-3.120000,-2.640000
-0.001366,-3.120000,-2.560000
-0.001364,-3.120000,-2.480000
-0.001362,-3.120000,-2.400000
-0.001360,-3.120000,-2.320000
-0.001358,-3.120000,-2.240000
-0.001356,-3.120000,-2.160000
-0.001354,-3.120000,-2.160000
-0.001352,-3.120000,-2.080000
-0.001350,-3.120000,-2.000000
-0.001348,-3.120000,-2.000000
-0.001346,-3.040000,-1.920000
-0.001344,-3.040000,-1.920000
-0.001342,-3.040000,-1.920000
-0.001340,-3.040000,-1.840000
-0.001338,-3.040000,-1.840000
-0.001336,-3.040000,-1.840000
-0.001334,-3.040000,-1.840000
-0.001332,-3.040000,-1.840000
-0.001330,-3.040000,-1.840000
-0.001328,-2.960000,-1.840000
-0.001326,-2.960000,-1.840000
-0.001324,-2.960000,-1.840000
-0.001322,-2.960000,-1.840000
-0.001320,-2.960000,-1.920000
-0.001318,-2.880000,-1.920000
-0.001316,-2.880000,-1.920000
-0.001314,-2.880000,-2.000000
-0.001312,-2.960000,-2.080000
-0.001310,-2.880000,-2.080000
-0.001308,-2.880000,-2.160000
-0.001306,-2.880000,-2.160000
-0.001304,-2.880000,-2.240000
-0.001302,-2.800000,-2.320000
-0.001300,-2.880000,-2.400000
-0.001298,-2.800000,-2.400000
-0.001296,-2.880000,-2.480000
-0.001294,-2.800000,-2.560000
-0.001292,-2.880000,-2.640000
-0.001290,-2.880000,-2.640000
-0.001288,-2.880000,-2.720000
-0.001286,-2.880000,-2.800000
-0.001284,-2.880000,-2.880000
-0.001282,-2.880000,-2.960000
-0.001280,-2.800000,-3.040000
-0.001278,-2.880000,-3.120000
-0.001276,-2.880000,-3.120000
-0.001274,-2.880000,-3.200000
-0.001272,-2.880000,-3.280000
-0.001270,-2.880000,-3.360000
-0.001268,-2.800000,-3.360000
-0.001266,-2.880000,-3.440000
-0.001264,-2.880000,-3.520000
-0.001262,-2.880000,-3.520000
-0.001260,-2.880000,-3.600000
-0.001258,-2.880000,-3.600000
-0.001256,-2.880000,-3.680000
-0.001254,-2.960000,-3.680000
-0.001252,-2.960000,-3.680000
-0.001250,-2.880000,-3.760000
-0.001248,-2.960000,-3.760000
-0.001246,-2.960000,-3.760000
-0.001244,-2.960000,-3.840000
-0.001242,-2.960000,-3.760000
-0.001240,-2.960000,-3.840000
-0.001238,-2.960000,-3.840000
-0.001236,-2.960000,-3.760000
-0.001234,-3.040000,-3.760000
-0.001232,-2.960000,-3.840000
-0.001230,-3.040000,-3.760000
-0.001228,-3.040000,-3.760000
-0.001226,-3.040000,-3.760000
-0.001224,-3.040000,-3.680000
-0.001222,-3.120000,-3.680000
-0.001220,-3.040000,-3.680000
-0.001218,-3.120000,-3.600000
-0.001216,-3.040000,-3.600000
-0.001214,-3.040000,-3.520000
-0.001212,-3.120000,-3.520000
-0.001210,-3.040000,-3.440000
-0.001208,-3.120000,-3.440000
-0.001206,-3.120000,-3.360000
-0.001204,-3.120000,-3.280000
-0.001202,-3.120000,-3.280000
-0.001200,-3.120000,-3.200000
-0.001198,-3.120000,-3.200000
-0.001196,-3.120000,-3.120000
-0.001194,-3.040000,-3.040000
-0.001192,-3.120000,-3.040000
-0.001190,-3.040000,-2.960000
-0.001188,-3.120000,-2.960000
-0.001186,-3.040000,-2.960000
-0.001184,-3.120000,-2.880000
-0.001182,-3.040000,-2.880000
-0.001180,-3.120000,-2.800000
-0.001178,-3.040000,-2.720000
-0.001176,-3.040000,-2.720000
-0.001174,-3.040000,-2.640000
-0.001172,-3.040000,-2.640000
-0.001170,-3.120000,-2.560000
-0.001168,-3.040000,-2.560000
-0.001166,-3.040000,-2.560000
-0.001164,-3.040000,-2.560000
-0.001162,-3.040000,-2.480000
-0.001160,-3.040000,-2.480000
-0.001158,-3.040000,-2.560000
-0.001156,-3.040000,-2.480000
-0.001154,-2.960000,-2.480000
-0.001152,-3.040000,-2.480000
-0.001150,-2.960000,-2.480000
-0.001148,-2.960000,-2.480000
-0.001146,-2.960000,-2.480000
-0.001144,-2.960000,-2.400000
-0.001142,-2.960000,-2.480000
-0.001140,-3.040000,-2.480000
-0.001138,-2.960000,-2.480000
-0.001136,-2.960000,-2.480000
-0.001134,-2.960000,-2.480000
-0.001132,-2.960000,-2.480000
-0.001130,-2.960000,-2.480000
-0.001128,-2.960000,-2.560000
-0.001126,-2.960000,-2.560000
-0.001124,-2.960000,-2.560000
-0.001122,-2.960000,-2.640000
-0.001120,-2.960000,-2.640000
-0.001118,-2.960000,-2.640000
-0.001116,-2.960000,-2.720000
-0.001114,-2.960000,-2.640000
-0.001112,-2.960000,-2.800000
-0.001110,-2.960000,-2.800000
-0.001108,-2.960000,-2.800000
-0.001106,-2.960000,-2.880000
-0.001104,-2.960000,-2.880000
-0.001102,-2.880000,-2.880000
-0.001100,-2.960000,-2.960000
-0.001098,-2.960000,-2.960000
-0.001096,-2.960000,-3.040000
-0.001094,-2.960000,-3.040000
-0.001092,-2.960000,-3.040000
-0.001090,-2.960000,-3.120000
-0.001088,-2.960000,-3.120000
-0.001086,-2.960000,-3.120000
-0.001084,-2.960000,-3.200000
-0.001082,-2.960000,-3.200000
-0.001080,-2.960000,-3.200000
-0.001078,-2.960000,-3.200000
-0.001076,-2.960000,-3.200000
-0.001074,-2.960000,-3.280000
-0.001072,-2.960000,-3.360000
-0.001070,-2.960000,-3.280000
-0.001068,-2.960000,-3.360000
-0.001066,-2.960000,-3.280000
-0.001064,-2.960000,-3.360000
-0.001062,-3.040000,-3.280000
-0.001060,-2.960000,-3.360000
-0.001058,-2.960000,-3.360000
-0.001056,-2.960000,-3.360000
-0.001054,-2.960000,-3.360000
-0.001052,-2.960000,-3.360000
-0.001050,-2.960000,-3.360000
-0.001048,-3.040000,-3.360000
-0.001046,-3.040000,-3.360000
-0.001044,-2.960000,-3.360000
-0.001042,-3.040000,-3.280000
-0.001040,-3.040000,-3.280000
-0.001038,-3.040000,-3.360000
-0.001036,-3.040000,-3.200000
-0.001034,-3.040000,-3.280000
-0.001032,-3.040000,-3.280000
-0.001030,-3.040000,-3.200000
-0.001028,-3.040000,-3.200000
-0.001026,-3.040000,-3.200000
-0.001024,-3.040000,-3.200000
-0.001022,-3.040000,-3.120000
-0.001020,-2.960000,-3.120000
-0.001018,-3.040000,-3.120000
-0.001016,-3.040000,-3.120000
-0.001014,-3.040000,-3.120000
-0.001012,-3.040000,-3.040000
-0.001010,-3.040000,-3.040000
-0.001008,-3.040000,-3.040000
-0.001006,-3.120000,-2.960000
-0.001004,-3.040000,-2.960000
-0.001002,-3.040000,-2.960000
-0.001000,-3.040000,-2.960000
-0.000998,-3.040000,-2.880000
-0.000996,-3.040000,-2.880000
-0.000994,-3.040000,-2.880000
-0.000992,-3.040000,-2.880000
-0.000990,-3.040000,-2.800000
-0.000988,-2.960000,-2.880000
-0.000986,-2.960000,-2.880000
-0.000984,-3.040000,-2.800000
-0.000982,-2.960000,-2.800000
-0.000980,-3.040000,-2.800000
-0.000978,-3.040000,-2.800000
-0.000976,-2.960000,-2.720000
-0.000974,-2.960000,-2.720000
-0.000972,-3.040000,-2.720000
-0.000970,-3.040000,-2.720000
-0.000968,-3.040000,-2.720000
-0.000966,-2.960000,-2.720000
-0.000964,-3.040000,-2.720000
-0.000962,-2.960000,-2.720000
-0.000960,-2.960000,-2.720000
-0.000958,-2.960000,-2.720000
-0.000956,-3.040000,-2.800000
-0.000954,-2.960000,-2.720000
-0.000952,-2.960000,-2.800000
-0.000950,-2.960000,-2.800000
-0.000948,-2.960000,-2.800000
-0.000946,-2.960000,-2.800000
-0.000944,-2.960000,-2.800000
-0.000942,-3.040000,-2.880000
-0.000940,-2.960000,-2.880000
-0.000938,-2.960000,-2.880000
-0.000936,-2.960000,-2.880000
-0.000934,-2.960000,-2.880000
-0.000932,-3.040000,-2.880000
-0.000930,-2.960000,-2.880000
-0.000928,-2.960000,-2.880000
-0.000926,-2.960000,-2.880000
-0.000924,-2.960000,-2.880000
-0.000922,-2.960000,-2.960000
-0.000920,-2.960000,-2.960000
-0.000918,-2.960000,-2.960000
-0.000916,-2.960000,-2.960000
-0.000914,-2.960000,-2.960000
-0.000912,-2.960000,-2.960000
-0.000910,-2.960000,-3.040000
-0.000908,-2.960000,-3.120000
-0.000906,-2.960000,-3.040000
-0.000904,-2.960000,-3.040000
-0.000902,-2.960000,-3.040000
-0.000900,-2.960000,-3.120000
-0.000898,-2.960000,-3.120000
-0.000896,-2.960000,-3.120000
-0.000894,-2.960000,-3.120000
-0.000892,-2.960000,-3.120000
-0.000890,-2.960000,-3.120000
-0.000888,-2.960000,-3.120000
-0.000886,-2.960000,-3.200000
-0.000884,-2.960000,-3.120000
-0.000882,-2.960000,-3.120000
-0.000880,-2.960000,-3.120000
-0.000878,-2.960000,-3.120000
-0.000876,-3.040000,-3.120000
-0.000874,-3.040000,-3.120000
-0.000872,-3.040000,-3.120000
-0.000870,-3.040000,-3.120000
-0.000868,-2.960000,-3.120000
-0.000866,-2.960000,-3.200000
-0.000864,-2.960000,-3.200000
-0.000862,-2.960000,-3.120000
-0.000860,-2.960000,-3.200000
-0.000858,-3.040000,-3.120000
-0.000856,-3.040000,-3.120000
-0.000854,-3.040000,-3.120000
-0.000852,-2.960000,-3.120000
-0.000850,-3.040000,-3.120000
-0.000848,-3.040000,-3.120000
-0.000846,-2.960000,-3.120000
-0.000844,-3.040000,-3.120000
-0.000842,-3.040000,-3.040000
-0.000840,-2.960000,-3.120000
-0.000838,-3.040000,-3.040000
-0.000836,-2.960000,-3.120000
-0.000834,-2.960000,-3.040000
-0.000832,-3.040000,-3.040000
-0.000830,-3.040000,-3.040000
-0.000828,-3.040000,-3.040000
-0.000826,-3.040000,-3.040000
-0.000824,-2.960000,-2.960000
-0.000822,-2.960000,-2.960000
-0.000820,-2.960000,-2.960000
-0.000818,-3.040000,-2.960000
-0.000816,-3.040000,-2.960000
-0.000814,-3.040000,-2.960000
-0.000812,-2.960000,-2.960000
-0.000810,-3.040000,-2.880000
-0.000808,-3.040000,-2.880000
-0.000806,-3.040000,-2.880000
-0.000804,-2.960000,-2.960000
-0.000802,-3.040000,-2.960000
-0.000800,-2.960000,-2.880000
-0.000798,-2.960000,-2.880000
-0.000796,-2.960000,-2.880000
-0.000794,-2.960000,-2.880000
-0.000792,-3.040000,-2.880000
-0.000790,-2.960000,-2.880000
-0.000788,-2.960000,-2.880000
-0.000786,-3.040000,-2.880000
-0.000784,-2.960000,-2.880000
-0.000782,-2.960000,-2.880000
-0.000780,-2.960000,-2.880000
-0.000778,-2.960000,-2.880000
-0.000776,-2.960000,-2.880000
-0.000774,-2.960000,-2.880000
-0.000772,-2.960000,-2.880000
-0.000770,-3.040000,-2.880000
-0.000768,-3.040000,-2.880000
-0.000766,-3.040000,-2.880000
-0.000764,-2.960000,-2.880000
-0.000762,-2.960000,-2.880000
-0.000760,-2.960000,-2.880000
-0.000758,-2.960000,-2.880000
-0.000756,-2.960000,-2.880000
-0.000754,-2.960000,-2.880000
-0.000752,-2.960000,-2.960000
-0.000750,-2.960000,-2.880000
-0.000748,-2.960000,-2.960000
-0.000746,-2.960000,-2.960000
-0.000744,-2.960000,-2.880000
-0.000742,-2.960000,-2.960000
-0.000740,-2.960000,-2.960000
-0.000738,-2.960000,-2.960000
-0.000736,-2.960000,-3.040000
-0.000734,-2.960000,-2.960000
-0.000732,-2.960000,-3.040000
-0.000730,-2.960000,-3.040000
-0.000728,-2.960000,-3.040000
-0.000726,-2.960000,-3.040000
-0.000724,-2.960000,-3.040000
-0.000722,-3.040000,-3.040000
-0.000720,-2.960000,-3.040000
-0.000718,-2.960000,-3.040000
-0.000716,-2.960000,-3.040000
-0.000714,-2.960000,-3.040000
-0.000712,-2.960000,-3.040000
-0.000710,-2.960000,-3.040000
-0.000708,-2.960000,-3.040000
-0.000706,-2.960000,-3.040000
-0.000704,-2.960000,-3.040000
-0.000702,-2.960000,-3.040000
-0.000700,-2.960000,-3.040000
-0.000698,-2.960000,-3.040000
-0.000696,-2.960000,-3.120000
-0.000694,-2.960000,-3.040000
-0.000692,-2.960000,-3.120000
-0.000690,-2.960000,-3.040000
-0.000688,-2.960000,-3.040000
-0.000686,-2.960000,-3.120000
-0.000684,-2.960000,-3.040000
-0.000682,-3.040000,-3.120000
-0.000680,-2.960000,-3.040000
-0.000678,-3.040000,-3.040000
-0.000676,-2.960000,-3.040000
-0.000674,-3.040000,-3.040000
-0.000672,-2.960000,-3.040000
-0.000670,-2.960000,-3.040000
-0.000668,-3.040000,-3.040000
-0.000666,-2.960000,-3.040000
-0.000664,-2.960000,-3.040000
-0.000662,-3.040000,-3.040000
-0.000660,-2.960000,-3.040000
-0.000658,-3.040000,-3.040000
-0.000656,-2.960000,-3.040000
-0.000654,-3.040000,-3.040000
-0.000652,-3.040000,-2.960000
-0.000650,-3.040000,-3.040000
-0.000648,-2.960000,-2.960000
-0.000646,-3.040000,-3.040000
-0.000644,-2.960000,-2.960000
-0.000642,-3.040000,-3.040000
-0.000640,-3.040000,-2.960000
-0.000638,-2.960000,-2.960000
-0.000636,-3.040000,-2.960000
-0.000634,-2.960000,-2.960000
-0.000632,-3.040000,-3.040000
-0.000630,-3.040000,-2.960000
-0.000628,-2.960000,-2.960000
-0.000626,-2.960000,-2.960000
-0.000624,-3.040000,-2.960000
-0.000622,-2.960000,-2.880000
-0.000620,-2.960000,-2.880000
-0.000618,-3.040000,-2.960000
-0.000616,-3.040000,-2.960000
-0.000614,-3.040000,-2.960000
-0.000612,-3.040000,-2.960000
-0.000610,-2.960000,-2.880000
-0.000608,-2.960000,-2.960000
-0.000606,-3.040000,-2.960000
-0.000604,-3.040000,-2.960000
-0.000602,-2.960000,-2.960000
-0.000600,-3.040000,-2.960000
-0.000598,-2.960000,-2.960000
-0.000596,-2.960000,-2.960000
-0.000594,-2.960000,-2.960000
-0.000592,-2.960000,-2.960000
-0.000590,-2.960000,-2.960000
-0.000588,-3.040000,-2.960000
-0.000586,-3.040000,-2.960000
-0.000584,-2.960000,-2.880000
-0.000582,-2.960000,-2.960000
-0.000580,-2.960000,-2.960000
-0.000578,-3.040000,-2.960000
-0.000576,-2.960000,-2.960000
-0.000574,-3.040000,-2.960000
-0.000572,-2.960000,-2.960000
-0.000570,-3.040000,-2.960000
-0.000568,-2.960000,-2.960000
-0.000566,-2.960000,-2.960000
-0.000564,-2.960000,-2.960000
-0.000562,-3.040000,-2.960000
-0.000560,-3.040000,-2.960000
-0.000558,-2.960000,-3.040000
-0.000556,-2.960000,-2.960000
-0.000554,-2.960000,-3.040000
-0.000552,-2.960000,-2.960000
-0.000550,-2.960000,-2.960000
-0.000548,-3.040000,-3.040000
-0.000546,-2.960000,-2.960000
-0.000544,-2.960000,-2.960000
-0.000542,-2.960000,-3.040000
-0.000540,-2.960000,-3.040000
-0.000538,-2.960000,-3.040000
-0.000536,-2.960000,-2.960000
-0.000534,-2.960000,-2.960000
-0.000532,-2.960000,-3.040000
-0.000530,-3.040000,-3.040000
-0.000528,-3.040000,-3.040000
-0.000526,-3.040000,-2.960000
-0.000524,-2.960000,-3.040000
-0.000522,-2.960000,-3.040000
-0.000520,-2.960000,-3.040000
-0.000518,-3.040000,-2.960000
-0.000516,-2.960000,-3.040000
-0.000514,-2.960000,-3.040000
-0.000512,-2.960000,-3.120000
-0.000510,-3.040000,-3.040000
-0.000508,-2.960000,-3.040000
-0.000506,-2.960000,-3.040000
-0.000504,-2.960000,-2.960000
-0.000502,-2.960000,-3.040000
-0.000500,-2.960000,-2.960000
-0.000498,-3.040000,-3.040000
-0.000496,-3.040000,-3.040000
-0.000494,-2.960000,-2.960000
-0.000492,-2.960000,-3.040000
-0.000490,-2.960000,-3.040000
-0.000488,-2.960000,-3.040000
-0.000486,-3.040000,-2.960000
-0.000484,-2.960000,-2.960000
-0.000482,-2.960000,-3.040000
-0.000480,-2.960000,-2.960000
-0.000478,-3.040000,-2.960000
-0.000476,-2.960000,-3.040000
-0.000474,-3.040000,-3.040000
-0.000472,-2.960000,-3.040000
-0.000470,-2.960000,-3.040000
-0.000468,-2.960000,-3.040000
-0.000466,-3.040000,-2.960000
-0.000464,-2.960000,-2.960000
-0.000462,-2.960000,-3.040000
-0.000460,-3.040000,-3.040000
-0.000458,-2.960000,-3.040000
-0.000456,-2.960000,-2.960000
-0.000454,-3.040000,-2.960000
-0.000452,-3.040000,-2.960000
-0.000450,-3.040000,-2.960000
-0.000448,-2.960000,-2.960000
-0.000446,-2.960000,-2.960000
-0.000444,-2.960000,-2.960000
-0.000442,-3.040000,-2.960000
-0.000440,-2.960000,-2.960000
-0.000438,-2.960000,-2.960000
-0.000436,-2.960000,-2.960000
-0.000434,-3.040000,-2.960000
-0.000432,-2.960000,-2.960000
-0.000430,-3.040000,-2.960000
-0.000428,-2.960000,-2.960000
-0.000426,-3.040000,-2.960000
-0.000424,-2.960000,-2.960000
-0.000422,-2.960000,-2.960000
-0.000420,-2.960000,-2.960000
-0.000418,-2.960000,-2.960000
-0.000416,-3.040000,-2.960000
-0.000414,-2.960000,-2.960000
-0.000412,-2.960000,-2.960000
-0.000410,-2.960000,-3.040000
-0.000408,-2.960000,-2.960000
-0.000406,-2.960000,-2.960000
-0.000404,-3.040000,-2.960000
-0.000402,-3.040000,-2.960000
-0.000400,-2.960000,-2.960000
-0.000398,-2.960000,-2.960000
-0.000396,-2.960000,-2.960000
-0.000394,-2.960000,-2.960000
-0.000392,-3.040000,-2.960000
-0.000390,-3.040000,-2.960000
-0.000388,-2.960000,-2.960000
-0.000386,-2.960000,-2.960000
-0.000384,-3.040000,-2.960000
-0.000382,-2.960000,-2.960000
-0.000380,-3.040000,-2.960000
-0.000378,-2.960000,-3.040000
-0.000376,-3.040000,-2.960000
-0.000374,-2.960000,-2.960000
-0.000372,-2.960000,-2.960000
-0.000370,-2.960000,-2.960000
-0.000368,-3.040000,-3.040000
-0.000366,-2.960000,-3.040000
-0.000364,-2.960000,-2.960000
-0.000362,-2.960000,-2.960000
-0.000360,-2.960000,-3.040000
-0.000358,-2.960000,-2.960000
-0.000356,-2.960000,-3.040000
-0.000354,-2.960000,-3.040000
-0.000352,-2.960000,-2.960000
-0.000350,-2.960000,-3.040000
-0.000348,-3.040000,-2.960000
-0.000346,-2.960000,-3.040000
-0.000344,-2.960000,-2.960000
-0.000342,-2.960000,-2.960000
-0.000340,-3.040000,-3.040000
-0.000338,-2.960000,-3.040000
-0.000336,-2.960000,-2.960000
-0.000334,-3.040000,-3.040000
-0.000332,-2.960000,-2.960000
-0.000330,-2.960000,-3.040000
-0.000328,-2.960000,-2.960000
-0.000326,-2.960000,-2.960000
-0.000324,-2.960000,-3.040000
-0.000322,-2.960000,-2.960000
-0.000320,-2.960000,-2.960000
-0.000318,-2.960000,-2.960000
-0.000316,-2.960000,-2.960000
-0.000314,-2.960000,-3.040000
-0.000312,-2.960000,-3.040000
-0.000310,-3.040000,-2.960000
-0.000308,-2.960000,-3.040000
-0.000306,-2.960000,-2.960000
-0.000304,-2.960000,-3.040000
-0.000302,-2.960000,-2.960000
-0.000300,-2.960000,-2.960000
-0.000298,-2.960000,-3.040000
-0.000296,-2.960000,-3.040000
-0.000294,-3.040000,-2.960000
-0.000292,-3.040000,-2.960000
-0.000290,-2.960000,-2.960000
-0.000288,-2.960000,-2.960000
-0.000286,-2.960000,-2.960000
-0.000284,-2.960000,-3.040000
-0.000282,-3.040000,-2.960000
-0.000280,-3.040000,-3.040000
-0.000278,-2.960000,-2.960000
-0.000276,-3.040000,-2.960000
-0.000274,-2.960000,-3.040000
-0.000272,-2.960000,-2.960000
-0.000270,-2.960000,-2.960000
-0.000268,-2.960000,-2.960000
-0.000266,-2.960000,-2.960000
-0.000264,-2.960000,-2.960000
-0.000262,-2.960000,-2.960000
-0.000260,-3.040000,-2.960000
-0.000258,-2.960000,-2.960000
-0.000256,-2.960000,-2.960000
-0.000254,-2.960000,-2.960000
-0.000252,-2.960000,-2.960000
-0.000250,-2.960000,-2.960000
-0.000248,-3.040000,-2.960000
-0.000246,-3.040000,-3.040000
-0.000244,-2.960000,-2.960000
-0.000242,-2.960000,-2.960000
-0.000240,-2.960000,-2.960000
-0.000238,-3.040000,-2.960000
-0.000236,-2.960000,-2.960000
-0.000234,-2.960000,-2.960000
-0.000232,-2.960000,-3.040000
-0.000230,-3.040000,-2.960000
-0.000228,-2.960000,-2.960000
-0.000226,-2.960000,-2.960000
-0.000224,-2.960000,-2.960000
-0.000222,-2.960000,-2.960000
-0.000220,-3.040000,-3.040000
-0.000218,-2.960000,-2.960000
-0.000216,-3.040000,-2.960000
-0.000214,-2.960000,-2.960000
-0.000212,-2.960000,-2.960000
-0.000210,-3.040000,-2.960000
-0.000208,-2.960000,-2.960000
-0.000206,-2.960000,-2.960000
-0.000204,-2.960000,-2.960000
-0.000202,-3.040000,-2.960000
-0.000200,-2.960000,-2.960000
-0.000198,-3.040000,-2.960000
-0.000196,-2.960000,-2.960000
-0.000194,-2.960000,-2.960000
-0.000192,-2.960000,-2.960000
-0.000190,-2.960000,-3.040000
-0.000188,-2.960000,-2.960000
-0.000186,-2.960000,-2.960000
-0.000184,-3.040000,-2.960000
-0.000182,-2.960000,-2.960000
-0.000180,-2.960000,-2.960000
-0.000178,-3.040000,-3.040000
-0.000176,-2.960000,-3.040000
-0.000174,-2.960000,-3.040000
-0.000172,-2.960000,-3.040000
-0.000170,-2.960000,-2.960000
-0.000168,-2.960000,-2.960000
-0.000166,-3.040000,-2.960000
-0.000164,-2.960000,-3.040000
-0.000162,-2.960000,-3.040000
-0.000160,-2.960000,-2.960000
-0.000158,-3.040000,-2.960000
-0.000156,-2.960000,-3.040000
-0.000154,-3.040000,-2.960000
-0.000152,-2.960000,-3.040000
-0.000150,-3.040000,-2.960000
-0.000148,-2.960000,-2.960000
-0.000146,-2.960000,-3.040000
-0.000144,-2.960000,-3.040000
-0.000142,-2.960000,-2.960000
-0.000140,-2.960000,-3.040000
-0.000138,-2.960000,-2.960000
-0.000136,-2.960000,-3.040000
-0.000134,-3.040000,-2.960000
-0.000132,-3.040000,-3.040000
-0.000130,-2.960000,-3.040000
-0.000128,-2.960000,-2.960000
-0.000126,-2.960000,-2.960000
-0.000124,-2.960000,-2.960000
-0.000122,-2.960000,-2.960000
-0.000120,-3.040000,-2.960000
-0.000118,-2.960000,-2.960000
-0.000116,-2.960000,-2.960000
-0.000114,-3.040000,-3.040000
-0.000112,-3.040000,-2.960000
-0.000110,-2.960000,-2.960000
-0.000108,-2.960000,-3.040000
-0.000106,-3.040000,-3.040000
-0.000104,-3.040000,-2.960000
-0.000102,-3.040000,-2.960000
-0.000100,-2.960000,-2.960000
-0.000098,-2.960000,-2.960000
-0.000096,-2.960000,-3.040000
-0.000094,-2.960000,-2.960000
-0.000092,-2.960000,-2.960000
-0.000090,-3.040000,-2.960000
-0.000088,-2.960000,-2.960000
-0.000086,-2.960000,-3.040000
-0.000084,-2.960000,-2.960000
-0.000082,-2.960000,-2.960000
-0.000080,-3.040000,-2.960000
-0.000078,-2.960000,-2.960000
-0.000076,-2.960000,-2.960000
-0.000074,-3.040000,-2.960000
-0.000072,-3.040000,-2.960000
-0.000070,-2.960000,-3.040000
-0.000068,-2.960000,-2.960000
-0.000066,-2.960000,-3.040000
-0.000064,-2.960000,-2.960000
-0.000062,-3.040000,-2.960000
-0.000060,-2.960000,-3.040000
-0.000058,-3.040000,-2.960000
-0.000056,-3.040000,-2.960000
-0.000054,-2.960000,-2.960000
-0.000052,-2.960000,-2.960000
-0.000050,-2.960000,-2.960000
-0.000048,-2.960000,-2.960000
-0.000046,-3.040000,-2.960000
-0.000044,-2.960000,-2.960000
-0.000042,-2.960000,-3.040000
-0.000040,2.880000,-2.960000
-0.000038,2.880000,-2.960000
-0.000036,2.880000,-2.880000
-0.000034,2.880000,-2.800000
-0.000032,2.800000,-2.640000
-0.000030,2.720000,-2.560000
-0.000028,2.720000,-2.400000
-0.000026,2.640000,-2.240000
-0.000024,2.560000,-2.080000
-0.000022,2.560000,-1.840000
-0.000020,2.560000,-1.680000
-0.000018,2.480000,-1.520000
-0.000016,2.400000,-1.200000
-0.000014,2.400000,-0.960000
-0.000012,2.400000,-0.640000
-0.000010,2.400000,-0.400000
-0.000008,2.400000,-0.160000
-0.000006,2.400000,0.080000
-0.000004,2.320000,0.400000
-0.000002,2.320000,0.640000
0.000000,2.320000,1.040000
0.000002,2.320000,1.280000
0.000004,2.240000,1.600000
0.000006,2.320000,1.920000
0.000008,2.320000,2.240000
0.000010,2.320000,2.480000
0.000012,2.320000,2.800000
0.000014,2.320000,3.040000
0.000016,2.320000,3.440000
0.000018,2.320000,3.680000
0.000020,2.400000,4.000000
0.000022,2.400000,4.320000
0.000024,2.400000,4.560000
0.000026,2.400000,4.960000
0.000028,2.400000,5.200000
0.000030,2.480000,5.440000
0.000032,2.560000,5.680000
0.000034,2.560000,5.920000
0.000036,2.560000,6.160000
0.000038,2.560000,6.400000
0.000040,2.720000,6.560000
0.000042,2.720000,6.800000
0.000044,2.720000,6.960000
0.000046,2.800000,7.040000
0.000048,2.800000,7.200000
0.000050,2.880000,7.280000
0.000052,2.960000,7.280000
0.000054,2.960000,7.360000
0.000056,3.040000,7.360000
0.000058,3.040000,7.360000
0.000060,3.120000,7.360000
0.000062,3.200000,7.280000
0.000064,3.200000,7.280000
0.000066,3.200000,7.120000
0.000068,3.280000,6.960000
0.000070,3.360000,6.800000
0.000072,3.360000,6.640000
0.000074,3.360000,6.480000
0.000076,3.440000,6.320000
0.000078,3.440000,6.160000
0.000080,3.440000,5.920000
0.000082,3.520000,5.680000
0.000084,3.520000,5.440000
0.000086,3.520000,5.200000
0.000088,3.520000,5.040000
0.000090,3.520000,4.720000
0.000092,3.600000,4.480000
0.000094,3.520000,4.240000
0.000096,3.600000,4.080000
0.000098,3.600000,3.840000
0.000100,3.600000,3.600000
0.000102,3.520000,3.360000
0.000104,3.520000,3.120000
0.000106,3.520000,2.960000
0.000108,3.520000,2.720000
0.000110,3.520000,2.480000
0.000112,3.520000,2.320000
0.000114,3.520000,2.240000
0.000116,3.520000,2.000000
0.000118,3.440000,1.840000
0.000120,3.440000,1.680000
0.000122,3.360000,1.520000
0.000124,3.440000,1.440000
0.000126,3.360000,1.280000
0.000128,3.360000,1.120000
0.000130,3.360000,1.040000
0.000132,3.280000,0.960000
0.000134,3.280000,0.800000
0.000136,3.280000,0.800000
0.000138,3.280000,0.720000
0.000140,3.200000,0.560000
0.000142,3.200000,0.560000
0.000144,3.120000,0.560000
0.000146,3.120000,0.480000
0.000148,3.120000,0.480000
0.000150,3.120000,0.400000
0.000152,3.040000,0.480000
0.000154,3.040000,0.480000
0.000156,3.040000,0.480000
0.000158,3.040000,0.480000
0.000160,2.960000,0.560000
0.000162,2.960000,0.560000
0.000164,2.880000,0.720000
0.000166,2.880000,0.800000
0.000168,2.960000,0.800000
0.000170,2.880000,0.880000
0.000172,2.800000,0.960000
0.000174,2.880000,1.040000
0.000176,2.800000,1.200000
0.000178,2.800000,1.280000
0.000180,2.800000,1.360000
0.000182,2.800000,1.520000
0.000184,2.720000,1.680000
0.000186,2.720000,1.760000
0.000188,2.720000,2.000000
0.000190,2.800000,2.080000
0.000192,2.720000,2.240000
0.000194,2.720000,2.320000
0.000196,2.720000,2.480000
0.000198,2.720000,2.640000
0.000200,2.720000,2.720000
0.000202,2.720000,2.880000
0.000204,2.720000,3.040000
0.000206,2.720000,3.120000
0.000208,2.800000,3.280000
0.000210,2.800000,3.360000
0.000212,2.720000,3.520000
0.000214,2.800000,3.600000
0.000216,2.800000,3.760000
0.000218,2.800000,3.840000
0.000220,2.800000,4.000000
0.000222,2.800000,4.080000
0.000224,2.800000,4.240000
0.000226,2.880000,4.240000
0.000228,2.880000,4.320000
0.000230,2.880000,4.400000
0.000232,2.960000,4.480000
0.000234,2.960000,4.560000
0.000236,2.960000,4.640000
0.000238,2.960000,4.720000
0.000240,2.960000,4.720000
0.000242,3.040000,4.720000
0.000244,3.040000,4.800000
0.000246,3.040000,4.800000
0.000248,3.040000,4.800000
0.000250,3.040000,4.720000
0.000252,3.040000,4.720000
0.000254,3.040000,4.800000
0.000256,3.200000,4.720000
0.000258,3.120000,4.640000
0.000260,3.120000,4.560000
0.000262,3.200000,4.640000
0.000264,3.200000,4.480000
0.000266,3.200000,4.400000
0.000268,3.200000,4.400000
0.000270,3.200000,4.320000
0.000272,3.200000,4.240000
0.000274,3.280000,4.080000
0.000276,3.200000,4.000000
0.000278,3.200000,3.920000
0.000280,3.280000,3.840000
0.000282,3.200000,3.760000
0.000284,3.280000,3.680000
0.000286,3.280000,3.600000
0.000288,3.280000,3.440000
0.000290,3.280000,3.360000
0.000292,3.280000,3.280000
0.000294,3.280000,3.200000
0.000296,3.280000,3.120000
0.000298,3.280000,3.040000
0.000300,3.280000,2.880000
0.000302,3.200000,2.880000
0.000304,3.280000,2.720000
0.000306,3.200000,2.640000
0.000308,3.200000,2.640000
0.000310,3.200000,2.560000
0.000312,3.200000,2.480000
0.000314,3.200000,2.320000
0.000316,3.200000,2.320000
0.000318,3.200000,2.240000
0.000320,3.200000,2.240000
0.000322,3.200000,2.160000
0.000324,3.200000,2.160000
0.000326,3.120000,2.080000
0.000328,3.120000,2.080000
0.000330,3.200000,2.000000
0.000332,3.120000,1.920000
0.000334,3.120000,2.000000
0.000336,3.120000,1.920000
0.000338,3.120000,2.000000
0.000340,3.120000,2.000000
0.000342,3.040000,1.920000
0.000344,3.040000,1.920000
0.000346,3.040000,1.920000
0.000348,3.040000,1.920000
0.000350,3.040000,2.000000
0.000352,3.040000,1.920000
0.000354,2.960000,2.000000
0.000356,2.960000,2.000000
0.000358,3.040000,2.080000
0.000360,2.960000,2.080000
0.000362,2.960000,2.160000
0.000364,2.960000,2.240000
0.000366,2.960000,2.240000
0.000368,2.960000,2.240000
0.000370,2.960000,2.320000
0.000372,2.960000,2.320000
0.000374,2.960000,2.400000
0.000376,2.880000,2.480000
0.000378,2.960000,2.480000
0.000380,2.960000,2.560000
0.000382,2.880000,2.640000
0.000384,2.960000,2.720000
0.000386,2.960000,2.720000
0.000388,2.960000,2.800000
0.000390,2.960000,2.880000
0.000392,2.960000,2.960000
0.000394,2.960000,2.960000
0.000396,2.960000,3.040000
0.000398,2.960000,3.120000
0.000400,2.960000,3.120000
0.000402,2.960000,3.200000
0.000404,2.960000,3.280000
0.000406,2.960000,3.360000
0.000408,2.960000,3.360000
0.000410,2.960000,3.440000
0.000412,2.960000,3.440000
0.000414,2.960000,3.520000
0.000416,2.960000,3.600000
0.000418,2.960000,3.600000
0.000420,2.960000,3.680000
0.000422,3.040000,3.680000
0.000424,2.960000,3.680000
0.000426,2.960000,3.680000
0.000428,3.040000,3.680000
0.000430,3.040000,3.680000
0.000432,3.040000,3.760000
0.000434,3.040000,3.760000
0.000436,3.040000,3.760000
0.000438,3.040000,3.760000
0.000440,3.040000,3.760000
0.000442,3.120000,3.760000
0.000444,3.120000,3.680000
0.000446,3.040000,3.680000
0.000448,3.120000,3.680000
0.000450,3.120000,3.680000
0.000452,3.120000,3.680000
0.000454,3.120000,3.680000
0.000456,3.040000,3.600000
0.000458,3.120000,3.600000
0.000460,3.120000,3.520000
0.000462,3.120000,3.520000
0.000464,3.120000,3.520000
0.000466,3.200000,3.440000
0.000468,3.120000,3.360000
0.000470,3.120000,3.360000
0.000472,3.200000,3.360000
0.000474,3.120000,3.280000
0.000476,3.120000,3.280000
0.000478,3.200000,3.120000
0.000480,3.200000,3.200000
0.000482,3.120000,3.120000
0.000484,3.200000,3.120000
0.000486,3.120000,3.120000
0.000488,3.200000,3.040000
0.000490,3.120000,2.960000
0.000492,3.120000,2.880000
0.000494,3.120000,2.880000
0.000496,3.120000,2.880000
0.000498,3.120000,2.800000
0.000500,3.120000,2.800000
0.000502,3.200000,2.800000
0.000504,3.120000,2.720000
0.000506,3.200000,2.720000
0.000508,3.120000,2.720000
0.000510,3.120000,2.640000
0.000512,3.120000,2.640000
0.000514,3.120000,2.560000
0.000516,3.120000,2.640000
0.000518,3.120000,2.560000
0.000520,3.040000,2.560000
0.000522,3.040000,2.560000
0.000524,3.120000,2.480000
0.000526,3.040000,2.560000
0.000528,3.040000,2.560000
0.000530,3.040000,2.480000
0.000532,3.040000,2.560000
0.000534,3.040000,2.480000
0.000536,3.040000,2.480000
0.000538,3.040000,2.560000
0.000540,3.040000,2.560000
0.000542,3.040000,2.560000
0.000544,3.040000,2.560000
0.000546,3.040000,2.560000
0.000548,3.040000,2.560000
0.000550,3.040000,2.640000
0.000552,3.040000,2.560000
0.000554,2.960000,2.640000
0.000556,3.040000,2.640000
0.000558,3.040000,2.720000
0.000560,3.040000,2.720000
0.000562,2.960000,2.720000
0.000564,3.040000,2.800000
0.000566,2.960000,2.800000
0.000568,2.960000,2.800000
0.000570,2.960000,2.880000
0.000572,3.040000,2.880000
0.000574,2.960000,2.880000
0.000576,2.960000,2.960000
0.000578,2.960000,2.960000
0.000580,2.960000,2.960000
0.000582,2.960000,2.960000
0.000584,3.040000,3.120000
0.000586,2.960000,3.120000
0.000588,3.040000,3.120000
0.000590,3.040000,3.040000
0.000592,3.040000,3.120000
0.000594,2.960000,3.120000
0.000596,3.040000,3.200000
0.000598,3.040000,3.200000
0.000600,3.040000,3.200000
0.000602,3.040000,3.280000
0.000604,3.040000,3.280000
0.000606,3.040000,3.280000
0.000608,3.040000,3.200000
0.000610,3.040000,3.280000
0.000612,3.040000,3.360000
0.000614,3.040000,3.360000
0.000616,3.040000,3.360000
0.000618,3.040000,3.360000
0.000620,3.040000,3.360000
0.000622,3.040000,3.360000
0.000624,3.040000,3.360000
0.000626,3.040000,3.360000
0.000628,3.040000,3.360000
0.000630,3.120000,3.360000
0.000632,3.040000,3.360000
0.000634,3.040000,3.280000
0.000636,3.120000,3.280000
0.000638,3.040000,3.360000
0.000640,3.040000,3.280000
0.000642,3.040000,3.280000
0.000644,3.120000,3.280000
0.000646,3.120000,3.280000
0.000648,3.040000,3.280000
0.000650,3.120000,3.200000
0.000652,3.120000,3.200000
0.000654,3.040000,3.200000
0.000656,3.120000,3.200000
0.000658,3.120000,3.200000
0.000660,3.120000,3.120000
0.000662,3.120000,3.120000
0.000664,3.040000,3.120000
0.000666,3.120000,3.040000
0.000668,3.040000,3.040000
0.000670,3.120000,3.040000
0.000672,3.120000,3.040000
0.000674,3.120000,3.040000
0.000676,3.120000,2.960000
0.000678,3.120000,3.040000
0.000680,3.120000,2.960000
0.000682,3.120000,2.960000
0.000684,3.120000,2.960000
0.000686,3.040000,2.880000
0.000688,3.120000,2.880000
0.000690,3.040000,2.880000
0.000692,3.040000,2.880000
0.000694,3.120000,2.880000
0.000696,3.040000,2.880000
0.000698,3.120000,2.800000
0.000700,3.040000,2.800000
0.000702,3.040000,2.800000
0.000704,3.120000,2.880000
0.000706,3.040000,2.800000
0.000708,3.040000,2.800000
0.000710,3.120000,2.800000
0.000712,3.040000,2.800000
0.000714,3.040000,2.800000
0.000716,3.040000,2.880000
0.000718,3.120000,2.800000
0.000720,3.040000,2.800000
0.000722,3.040000,2.800000
0.000724,3.040000,2.800000
0.000726,3.040000,2.800000
0.000728,3.040000,2.800000
0.000730,3.040000,2.800000
0.000732,3.040000,2.800000
0.000734,3.040000,2.800000
0.000736,3.040000,2.800000
0.000738,3.040000,2.800000
0.000740,3.040000,2.880000
0.000742,3.040000,2.880000
0.000744,3.040000,2.880000
0.000746,3.040000,2.880000
0.000748,3.040000,2.880000
0.000750,3.040000,2.880000
0.000752,3.040000,2.880000
0.000754,3.040000,2.880000
0.000756,3.040000,2.960000
0.000758,3.040000,2.960000
0.000760,3.040000,2.960000
0.000762,3.040000,2.960000
0.000764,3.040000,3.040000
0.000766,2.960000,3.040000
0.000768,3.040000,2.960000
0.000770,2.960000,3.040000
0.000772,3.040000,3.040000
0.000774,3.040000,3.040000
0.000776,2.960000,3.040000
0.000778,3.040000,3.040000
0.000780,3.040000,3.040000
0.000782,3.040000,3.120000
0.000784,3.040000,3.120000
0.000786,3.040000,3.120000
0.000788,3.040000,3.120000
0.000790,3.040000,3.120000
0.000792,3.040000,3.120000
0.000794,3.040000,3.120000
0.000796,3.040000,3.120000
0.000798,3.040000,3.120000
0.000800,3.040000,3.120000
0.000802,3.040000,3.120000
0.000804,3.040000,3.120000
0.000806,3.040000,3.120000
0.000808,3.040000,3.200000
0.000810,3.040000,3.200000
0.000812,3.040000,3.120000
0.000814,3.040000,3.120000
0.000816,3.040000,3.200000
0.000818,3.040000,3.120000
0.000820,3.040000,3.200000
0.000822,3.040000,3.200000
0.000824,3.040000,3.120000
0.000826,3.120000,3.120000
0.000828,3.040000,3.120000
0.000830,3.040000,3.120000
0.000832,3.040000,3.120000
0.000834,3.040000,3.120000
0.000836,3.040000,3.120000
0.000838,3.040000,3.120000
0.000840,3.120000,3.120000
0.000842,3.040000,3.120000
0.000844,3.040000,3.040000
0.000846,3.040000,3.120000
0.000848,3.040000,3.040000
0.000850,3.040000,3.040000
0.000852,3.120000,3.040000
0.000854,3.040000,3.040000
0.000856,3.120000,3.040000
0.000858,3.120000,3.040000
0.000860,3.040000,3.040000
0.000862,3.120000,3.040000
0.000864,3.120000,2.960000
0.000866,3.040000,3.040000
0.000868,3.120000,3.040000
0.000870,3.040000,2.960000
0.000872,3.120000,2.960000
0.000874,3.120000,2.960000
0.000876,3.040000,2.960000
0.000878,3.120000,2.960000
0.000880,3.040000,2.960000
0.000882,3.040000,2.960000
0.000884,3.040000,2.880000
0.000886,3.040000,2.880000
0.000888,3.040000,2.960000
0.000890,3.040000,2.960000
0.000892,3.040000,2.960000
0.000894,3.040000,2.880000
0.000896,3.040000,2.960000
0.000898,3.040000,2.960000
0.000900,3.040000,2.880000
0.000902,3.040000,2.880000
0.000904,3.040000,2.880000
0.000906,3.040000,2.880000
0.000908,3.040000,2.880000
0.000910,3.040000,2.880000
0.000912,3.040000,2.880000
0.000914,3.040000,2.960000
0.000916,3.040000,2.880000
0.000918,3.040000,2.960000
0.000920,3.040000,2.960000
0.000922,3.040000,2.880000
0.000924,3.040000,2.960000
0.000926,3.040000,2.960000
0.000928,3.040000,2.960000
0.000930,3.040000,2.960000
0.000932,3.040000,2.960000
0.000934,3.040000,2.960000
0.000936,3.040000,2.960000
0.000938,3.040000,2.960000
0.000940,3.040000,2.960000
0.000942,3.120000,2.960000
0.000944,3.040000,2.960000
0.000946,3.040000,2.960000
0.000948,3.040000,2.960000
0.000950,3.040000,3.040000
0.000952,3.040000,2.960000
0.000954,3.040000,2.960000
0.000956,3.040000,3.040000
0.000958,3.040000,3.040000
0.000960,3.040000,3.040000
0.000962,3.040000,3.040000
0.000964,3.040000,3.040000
0.000966,3.040000,3.040000
0.000968,3.040000,3.040000
0.000970,3.040000,3.040000
0.000972,3.040000,3.040000
0.000974,3.040000,3.040000
0.000976,3.040000,3.040000
0.000978,3.040000,3.040000
0.000980,3.040000,3.040000
0.000982,3.040000,3.040000
0.000984,3.040000,3.040000
0.000986,3.040000,3.120000
0.000988,3.040000,3.040000
0.000990,3.040000,3.040000
0.000992,3.040000,3.040000
0.000994,3.040000,3.040000
0.000996,3.040000,3.040000
0.000998,3.040000,3.120000
0.001000,3.040000,3.040000
0.001002,3.040000,3.120000
0.001004,3.040000,3.040000
0.001006,3.040000,3.040000
0.001008,3.040000,3.040000
0.001010,3.040000,3.040000
0.001012,3.040000,3.120000
0.001014,3.040000,3.120000
0.001016,3.040000,3.040000
0.001018,3.040000,3.040000
0.001020,3.040000,3.040000
0.001022,3.040000,3.040000
0.001024,3.040000,3.040000
0.001026,3.040000,3.040000
0.001028,3.040000,3.040000
0.001030,3.040000,3.040000
0.001032,3.040000,3.040000
0.001034,3.120000,3.040000
0.001036,3.040000,3.040000
0.001038,3.040000,3.040000
0.001040,3.040000,2.960000
0.001042,3.040000,3.040000
0.001044,3.040000,3.040000
0.001046,3.040000,2.960000
0.001048,3.040000,3.040000
0.001050,3.040000,3.040000
0.001052,3.040000,2.960000
0.001054,3.040000,3.040000
0.001056,3.040000,2.960000
0.001058,3.040000,2.960000
0.001060,3.120000,2.960000
0.001062,3.120000,2.960000
0.001064,3.040000,2.960000
0.001066,3.120000,2.960000
0.001068,3.120000,2.960000
0.001070,3.040000,2.960000
0.001072,3.040000,2.960000
0.001074,3.120000,2.960000
0.001076,3.120000,2.960000
0.001078,3.040000,2.960000
0.001080,3.040000,2.960000
0.001082,3.040000,2.960000
0.001084,3.040000,2.960000
0.001086,3.040000,2.880000
0.001088,3.040000,2.960000
0.001090,3.040000,2.960000
0.001092,3.040000,2.960000
0.001094,3.040000,2.960000
0.001096,3.040000,2.960000
0.001098,3.040000,2.960000
0.001100,3.040000,2.960000
0.001102,3.120000,2.960000
0.001104,3.040000,2.960000
0.001106,3.040000,2.960000
0.001108,3.040000,2.960000
0.001110,3.040000,2.960000
0.001112,3.040000,2.960000
0.001114,3.040000,2.960000
0.001116,3.040000,2.960000
0.001118,3.040000,2.960000
0.001120,3.040000,2.960000
0.001122,3.040000,3.040000
0.001124,3.040000,2.960000
0.001126,3.040000,2.960000
0.001128,3.040000,3.040000
0.001130,3.040000,2.960000
0.001132,3.040000,2.960000
0.001134,3.040000,2.960000
0.001136,3.040000,3.040000
0.001138,3.040000,3.040000
0.001140,3.040000,2.960000
0.001142,3.040000,2.960000
0.001144,3.040000,3.040000
0.001146,3.040000,3.040000
0.001148,3.040000,3.040000
0.001150,3.040000,2.960000
0.001152,3.040000,3.040000
0.001154,3.040000,3.040000
0.001156,3.040000,3.040000
0.001158,3.040000,3.040000
0.001160,3.040000,3.040000
0.001162,3.040000,3.040000
0.001164,3.040000,3.040000
0.001166,3.040000,3.040000
0.001168,3.040000,3.040000
0.001170,3.040000,3.040000
0.001172,3.040000,3.040000
0.001174,3.040000,3.040000
0.001176,3.040000,3.040000
0.001178,3.040000,3.040000
0.001180,3.040000,3.040000
0.001182,3.040000,3.040000
0.001184,3.040000,3.040000
0.001186,3.040000,2.960000
0.001188,3.040000,3.040000
0.001190,3.040000,3.120000
0.001192,3.040000,3.040000
0.001194,3.040000,2.960000
0.001196,3.040000,3.040000
0.001198,3.040000,3.040000
0.001200,3.040000,3.040000
0.001202,3.040000,3.040000
0.001204,3.040000,3.040000
0.001206,3.040000,3.040000
0.001208,3.040000,3.040000
0.001210,3.040000,2.960000
0.001212,3.040000,3.040000
0.001214,3.040000,3.040000
0.001216,3.040000,3.040000
0.001218,3.040000,3.040000
0.001220,3.040000,2.960000
0.001222,3.040000,2.960000
0.001224,3.040000,3.040000
0.001226,3.040000,2.960000
0.001228,3.040000,2.960000
0.001230,3.040000,3.040000
0.001232,3.040000,2.960000
0.001234,3.040000,3.040000
0.001236,3.040000,2.960000
0.001238,3.040000,2.960000
0.001240,3.040000,2.960000
0.001242,3.040000,3.040000
0.001244,3.040000,2.960000
0.001246,3.040000,3.040000
0.001248,3.040000,2.960000
0.001250,3.040000,2.960000
0.001252,3.040000,2.960000
0.001254,3.040000,2.960000
0.001256,3.120000,2.960000
0.001258,3.040000,2.960000
0.001260,3.040000,2.960000
0.001262,3.040000,2.960000
0.001264,3.040000,2.960000
0.001266,3.040000,2.960000
0.001268,3.040000,2.960000
0.001270,3.120000,2.960000
0.001272,3.040000,2.960000
0.001274,3.040000,2.960000
0.001276,3.040000,2.960000
0.001278,3.040000,3.040000
0.001280,3.040000,2.960000
0.001282,3.040000,2.960000
0.001284,3.040000,2.960000
0.001286,3.040000,2.960000
0.001288,3.040000,3.040000
0.001290,3.120000,2.960000
0.001292,3.040000,2.960000
0.001294,3.040000,3.040000
0.001296,3.040000,2.960000
0.001298,3.040000,3.040000
0.001300,3.120000,2.960000
0.001302,3.040000,2.960000
0.001304,3.040000,3.040000
0.001306,3.040000,2.960000
0.001308,3.040000,2.960000
0.001310,3.040000,2.960000
0.001312,3.040000,3.040000
0.001314,3.040000,3.040000
0.001316,3.040000,3.040000
0.001318,3.040000,2.960000
0.001320,3.040000,2.960000
0.001322,3.040000,3.040000
0.001324,3.040000,2.960000
0.001326,3.040000,3.040000
0.001328,3.040000,3.040000
0.001330,3.040000,3.040000
0.001332,3.040000,3.040000
0.001334,3.040000,3.040000
0.001336,3.040000,3.040000
0.001338,3.040000,3.040000
0.001340,3.040000,3.040000
0.001342,3.040000,2.960000
0.001344,3.040000,3.040000
0.001346,3.040000,3.040000
0.001348,3.040000,3.040000
0.001350,3.120000,3.040000
0.001352,3.040000,3.040000
0.001354,3.040000,3.040000
0.001356,3.040000,2.960000
0.001358,3.040000,2.960000
0.001360,3.120000,2.960000
0.001362,3.040000,3.040000
0.001364,3.040000,3.040000
0.001366,3.040000,3.040000
0.001368,3.040000,3.040000
0.001370,3.040000,3.040000
0.001372,3.040000,3.040000
0.001374,3.040000,3.040000
0.001376,3.040000,2.960000
0.001378,3.040000,3.040000
0.001380,3.040000,3.040000
0.001382,3.040000,3.040000
0.001384,3.040000,2.960000
0.001386,3.120000,3.040000
0.001388,3.040000,2.960000
0.001390,3.040000,2.960000
0.001392,3.040000,2.960000
0.001394,3.040000,3.040000
0.001396,3.040000,2.960000
0.001398,3.120000,3.040000
0.001400,3.120000,3.040000
0.001402,3.040000,2.960000
0.001404,3.040000,2.960000
0.001406,3.040000,2.960000
0.001408,3.040000,2.960000
0.001410,3.040000,2.960000
0.001412,3.040000,2.960000
0.001414,3.040000,3.040000
0.001416,3.040000,3.040000
0.001418,3.120000,2.960000
0.001420,3.040000,3.040000
0.001422,3.040000,3.040000
0.001424,3.040000,2.960000
0.001426,3.040000,2.960000
0.001428,3.040000,2.960000
0.001430,3.040000,2.960000
0.001432,3.040000,2.960000
0.001434,3.040000,2.960000
0.001436,3.040000,2.960000
0.001438,3.040000,3.040000
0.001440,3.040000,3.040000
0.001442,3.040000,3.040000
0.001444,3.040000,2.960000
0.001446,3.040000,2.960000
0.001448,3.040000,3.040000
0.001450,3.040000,2.960000
0.001452,3.040000,3.040000
0.001454,3.040000,2.960000
0.001456,3.040000,2.960000
0.001458,3.040000,2.960000
0.001460,3.040000,3.040000
0.001462,3.040000,2.960000
0.001464,3.040000,2.960000
0.001466,3.040000,2.960000
0.001468,3.040000,2.960000
0.001470,3.040000,2.960000
0.001472,3.040000,2.960000
0.001474,3.040000,2.960000
0.001476,3.040000,2.960000
0.001478,3.120000,2.960000
0.001480,3.040000,2.960000
0.001482,3.040000,3.040000
0.001484,3.040000,2.960000
0.001486,3.040000,2.960000
0.001488,3.040000,2.960000
0.001490,3.040000,2.960000
0.001492,3.040000,3.040000
0.001494,3.040000,3.040000
0.001496,3.040000,2.960000
0.001498,3.040000,2.960000
0.001500,3.040000,2.960000
0.001502,3.040000,2.960000
0.001504,3.120000,3.040000
0.001506,3.040000,3.040000
0.001508,3.120000,2.960000
0.001510,3.120000,3.040000
0.001512,3.040000,3.040000
0.001514,3.040000,3.040000
0.001516,3.040000,2.960000
0.001518,3.040000,2.960000
0.001520,3.040000,2.960000
0.001522,3.040000,3.040000
0.001524,3.120000,3.040000
0.001526,3.040000,2.960000
0.001528,3.040000,2.960000
0.001530,3.040000,3.040000
0.001532,3.040000,3.040000
0.001534,3.040000,3.040000
0.001536,3.040000,3.040000
0.001538,3.040000,2.960000
0.001540,3.040000,2.960000
0.001542,3.040000,3.040000
0.001544,3.040000,2.960000
0.001546,3.040000,2.960000
0.001548,3.040000,3.040000
0.001550,3.040000,2.960000
0.001552,3.040000,3.040000
0.001554,3.040000,3.040000
0.001556,3.120000,3.040000
0.001558,3.120000,3.040000
0.001560,3.040000,2.960000
0.001562,3.120000,3.040000
0.001564,3.040000,3.040000
0.001566,3.040000,3.040000
0.001568,3.040000,2.960000
0.001570,3.040000,3.040000
0.001572,3.040000,2.960000
0.001574,3.040000,3.040000
0.001576,3.040000,3.040000
0.001578,3.040000,3.040000
0.001580,3.040000,3.040000
0.001582,3.040000,3.040000
0.001584,3.040000,2.960000
0.001586,3.040000,3.040000
0.001588,3.040000,3.040000
0.001590,3.040000,3.040000
0.001592,3.120000,3.040000
0.001594,3.040000,3.040000
0.001596,3.040000,3.040000
0.001598,3.040000,3.040000
0.001600,3.120000,2.960000
0.001602,3.040000,3.040000
0.001604,3.040000,2.960000
0.001606,3.040000,2.960000
0.001608,3.040000,3.040000
0.001610,3.040000,2.960000
0.001612,3.040000,2.960000
0.001614,3.040000,3.040000
0.001616,3.040000,2.960000
0.001618,3.040000,2.960000
0.001620,3.040000,2.960000
0.001622,3.040000,3.040000
0.001624,3.120000,3.040000
0.001626,3.040000,2.960000
0.001628,-2.880000,2.960000
0.001630,-2.800000,2.960000
0.001632,-2.800000,2.880000
0.001634,-2.720000,2.720000
0.001636,-2.720000,2.640000
0.001638,-2.640000,2.480000
0.001640,-2.560000,2.400000
0.001642,-2.560000,2.240000
0.001644,-2.560000,2.000000
0.001646,-2.480000,1.760000
0.001648,-2.480000,1.600000
0.001650,-2.400000,1.360000
0.001652,-2.400000,1.040000
0.001654,-2.320000,0.800000
0.001656,-2.320000,0.560000
0.001658,-2.320000,0.240000
0.001660,-2.240000,0.000000
0.001662,-2.240000,-0.240000
0.001664,-2.240000,-0.560000
0.001666,-2.240000,-0.880000
0.001668,-2.240000,-1.120000
0.001670,-2.160000,-1.440000
0.001672,-2.240000,-1.760000
0.001674,-2.160000,-2.080000
0.001676,-2.160000,-2.400000
0.001678,-2.160000,-2.720000
0.001680,-2.240000,-3.040000
0.001682,-2.240000,-3.360000
0.001684,-2.240000,-3.680000
0.001686,-2.240000,-4.000000
0.001688,-2.240000,-4.320000
0.001690,-2.320000,-4.640000
0.001692,-2.400000,-4.960000
0.001694,-2.400000,-5.200000
0.001696,-2.400000,-5.520000
0.001698,-2.480000,-5.840000
0.001700,-2.480000,-6.080000
0.001702,-2.480000,-6.320000
0.001704,-2.560000,-6.560000
0.001706,-2.560000,-6.800000
0.001708,-2.640000,-6.880000
0.001710,-2.640000,-7.120000
0.001712,-2.720000,-7.280000
0.001714,-2.800000,-7.360000
0.001716,-2.800000,-7.520000
0.001718,-2.880000,-7.520000
0.001720,-2.960000,-7.600000
0.001722,-3.040000,-7.600000
0.001724,-3.040000,-7.600000
0.001726,-3.040000,-7.520000
0.001728,-3.120000,-7.440000
0.001730,-3.120000,-7.360000
0.001732,-3.200000,-7.200000
0.001734,-3.200000,-7.040000
0.001736,-3.280000,-6.880000
0.001738,-3.360000,-6.720000
0.001740,-3.360000,-6.480000
0.001742,-3.360000,-6.320000
0.001744,-3.360000,-6.080000
0.001746,-3.440000,-5.840000
0.001748,-3.440000,-5.520000
0.001750,-3.440000,-5.360000
0.001752,-3.440000,-5.120000
0.001754,-3.520000,-4.800000
0.001756,-3.520000,-4.560000
0.001758,-3.520000,-4.240000
0.001760,-3.520000,-4.080000
0.001762,-3.520000,-3.840000
0.001764,-3.520000,-3.600000
0.001766,-3.520000,-3.360000
0.001768,-3.520000,-3.120000
0.001770,-3.520000,-2.880000
0.001772,-3.520000,-2.640000
0.001774,-3.440000,-2.480000
0.001776,-3.440000,-2.240000
0.001778,-3.440000,-2.080000
0.001780,-3.440000,-1.840000
0.001782,-3.440000,-1.760000
0.001784,-3.360000,-1.600000
0.001786,-3.440000,-1.360000
0.001788,-3.360000,-1.280000
0.001790,-3.360000,-1.120000
0.001792,-3.280000,-0.960000
0.001794,-3.280000,-0.880000
0.001796,-3.200000,-0.720000
0.001798,-3.200000,-0.720000
0.001800,-3.200000,-0.640000
0.001802,-3.120000,-0.560000
0.001804,-3.120000,-0.480000
0.001806,-3.120000,-0.480000
0.001808,-3.120000,-0.400000
0.001810,-3.040000,-0.400000
0.001812,-2.960000,-0.400000
0.001814,-2.960000,-0.320000
0.001816,-2.960000,-0.320000
0.001818,-2.960000,-0.400000
0.001820,-2.960000,-0.400000
0.001822,-2.880000,-0.480000
0.001824,-2.880000,-0.480000
0.001826,-2.880000,-0.560000
0.001828,-2.800000,-0.640000
0.001830,-2.800000,-0.640000
0.001832,-2.800000,-0.800000
0.001834,-2.800000,-0.880000
0.001836,-2.720000,-0.960000
0.001838,-2.720000,-1.040000
0.001840,-2.720000,-1.120000
0.001842,-2.720000,-1.280000
0.001844,-2.720000,-1.440000
0.001846,-2.640000,-1.520000
0.001848,-2.640000,-1.680000
0.001850,-2.640000,-1.840000
0.001852,-2.720000,-1.920000
0.001854,-2.640000,-2.080000
0.001856,-2.640000,-2.240000
0.001858,-2.640000,-2.400000
0.001860,-2.640000,-2.480000
0.001862,-2.640000,-2.720000
0.001864,-2.640000,-2.800000
0.001866,-2.640000,-2.960000
0.001868,-2.720000,-3.120000
0.001870,-2.640000,-3.280000
0.001872,-2.720000,-3.360000
0.001874,-2.720000,-3.520000
0.001876,-2.720000,-3.680000
0.001878,-2.720000,-3.760000
0.001880,-2.720000,-3.920000
0.001882,-2.720000,-4.080000
0.001884,-2.720000,-4.160000
0.001886,-2.800000,-4.240000
0.001888,-2.800000,-4.320000
0.001890,-2.800000,-4.480000
0.001892,-2.800000,-4.560000
0.001894,-2.800000,-4.640000
0.001896,-2.960000,-4.720000
0.001898,-2.880000,-4.720000
0.001900,-2.880000,-4.720000
0.001902,-2.880000,-4.800000
0.001904,-2.960000,-4.800000
0.001906,-2.960000,-4.880000
0.001908,-2.960000,-4.880000
0.001910,-2.960000,-4.880000
0.001912,-2.960000,-4.880000
0.001914,-2.960000,-4.800000
0.001916,-3.040000,-4.800000
0.001918,-3.040000,-4.800000
0.001920,-3.120000,-4.720000
0.001922,-3.120000,-4.640000
0.001924,-3.120000,-4.640000
0.001926,-3.120000,-4.560000
0.001928,-3.120000,-4.480000
0.001930,-3.120000,-4.400000
0.001932,-3.200000,-4.320000
0.001934,-3.120000,-4.240000
0.001936,-3.200000,-4.080000
0.001938,-3.200000,-4.080000
0.001940,-3.200000,-4.000000
0.001942,-3.200000,-3.840000
0.001944,-3.200000,-3.680000
0.001946,-3.280000,-3.680000
0.001948,-3.200000,-3.520000
0.001950,-3.200000,-3.360000
0.001952,-3.200000,-3.280000
0.001954,-3.200000,-3.200000
0.001956,-3.200000,-3.120000
0.001958,-3.200000,-2.960000
0.001960,-3.200000,-2.880000
0.001962,-3.200000,-2.800000
0.001964,-3.200000,-2.720000
0.001966,-3.200000,-2.640000
0.001968,-3.120000,-2.560000
0.001970,-3.120000,-2.480000
0.001972,-3.200000,-2.400000
0.001974,-3.200000,-2.320000
0.001976,-3.120000,-2.240000
0.001978,-3.120000,-2.160000
0.001980,-3.120000,-2.080000
0.001982,-3.120000,-2.080000
0.001984,-3.120000,-2.000000
0.001986,-3.120000,-1.920000
0.001988,-3.120000,-1.920000
0.001990,-3.120000,-1.840000
0.001992,-3.040000,-1.920000
0.001994,-3.040000,-1.840000
0.001996,-3.040000,-1.840000
0.001998,-3.040000,-1.840000
0.002000,-3.040000,-1.840000
0.002002,-3.040000,-1.760000
0.002004,-2.960000,-1.840000
0.002006,-2.960000,-1.840000
0.002008,-2.960000,-1.840000
0.002010,-2.960000,-1.840000
0.002012,-2.960000,-1.920000
0.002014,-2.960000,-1.840000
0.002016,-2.880000,-1.920000
0.002018,-2.880000,-2.000000
0.002020,-2.960000,-2.000000
0.002022,-2.880000,-2.080000
0.002024,-2.880000,-2.080000
0.002026,-2.800000,-2.160000
0.002028,-2.880000,-2.160000
0.002030,-2.880000,-2.240000
0.002032,-2.800000,-2.320000
0.002034,-2.800000,-2.400000
0.002036,-2.800000,-2.480000
0.002038,-2.800000,-2.480000
0.002040,-2.800000,-2.560000
0.002042,-2.800000,-2.640000
0.002044,-2.880000,-2.720000
0.002046,-2.880000,-2.800000
0.002048,-2.880000,-2.800000
0.002050,-2.880000,-2.880000
0.002052,-2.800000,-2.960000
0.002054,-2.880000,-3.040000
0.002056,-2.880000,-3.120000
0.002058,-2.880000,-3.200000
0.002060,-2.880000,-3.200000
0.002062,-2.800000,-3.280000
0.002064,-2.880000,-3.360000
0.002066,-2.880000,-3.360000
0.002068,-2.880000,-3.440000
0.002070,-2.880000,-3.520000
0.002072,-2.880000,-3.520000
0.002074,-2.880000,-3.520000
0.002076,-2.880000,-3.600000
0.002078,-2.880000,-3.680000
0.002080,-2.960000,-3.680000
0.002082,-2.960000,-3.680000
0.002084,-2.960000,-3.760000
0.002086,-2.960000,-3.760000
0.002088,-2.960000,-3.760000
0.002090,-2.960000,-3.840000
0.002092,-2.960000,-3.760000
0.002094,-2.960000,-3.760000
0.002096,-2.960000,-3.840000
0.002098,-2.960000,-3.840000
0.002100,-3.040000,-3.760000
0.002102,-3.040000,-3.760000
0.002104,-3.040000,-3.840000
0.002106,-3.040000,-3.760000
0.002108,-3.040000,-3.760000
0.002110,-3.040000,-3.760000
0.002112,-3.040000,-3.680000
0.002114,-3.040000,-3.680000
0.002116,-3.040000,-3.600000
0.002118,-3.040000,-3.600000
0.002120,-3.040000,-3.520000
0.002122,-3.120000,-3.520000
0.002124,-3.040000,-3.440000
0.002126,-3.040000,-3.360000
0.002128,-3.120000,-3.360000
0.002130,-3.040000,-3.280000
0.002132,-3.120000,-3.280000
0.002134,-3.120000,-3.200000
0.002136,-3.040000,-3.200000
0.002138,-3.120000,-3.120000
0.002140,-3.120000,-3.120000
0.002142,-3.040000,-2.960000
0.002144,-3.120000,-2.960000
0.002146,-3.040000,-2.880000
0.002148,-3.040000,-2.880000
0.002150,-3.040000,-2.880000
0.002152,-3.040000,-2.800000
0.002154,-3.120000,-2.800000
0.002156,-3.120000,-2.720000
0.002158,-3.120000,-2.720000
0.002160,-3.040000,-2.640000
0.002162,-3.040000,-2.640000
0.002164,-3.120000,-2.640000
0.002166,-3.040000,-2.640000
0.002168,-3.040000,-2.560000
0.002170,-3.040000,-2.560000
0.002172,-3.040000,-2.480000
0.002174,-3.040000,-2.560000
0.002176,-2.960000,-2.480000
0.002178,-2.960000,-2.480000
0.002180,-2.960000,-2.480000
0.002182,-3.040000,-2.400000
0.002184,-3.040000,-2.480000
0.002186,-3.040000,-2.480000
0.002188,-3.040000,-2.400000
0.002190,-2.960000,-2.480000
0.002192,-2.960000,-2.480000
0.002194,-2.960000,-2.480000
0.002196,-2.960000,-2.480000
0.002198,-2.960000,-2.480000
0.002200,-2.960000,-2.560000
0.002202,-2.960000,-2.560000
0.002204,-2.960000,-2.560000
0.002206,-2.960000,-2.560000
0.002208,-2.960000,-2.560000
0.002210,-2.960000,-2.560000
0.002212,-2.960000,-2.640000
0.002214,-2.960000,-2.640000
0.002216,-2.960000,-2.640000
0.002218,-2.960000,-2.720000
0.002220,-2.960000,-2.720000
0.002222,-2.960000,-2.800000
0.002224,-2.960000,-2.800000
0.002226,-2.880000,-2.880000
0.002228,-2.880000,-2.880000
0.002230,-2.880000,-2.880000
0.002232,-2.880000,-2.880000
0.002234,-2.960000,-2.960000
0.002236,-2.960000,-2.960000
0.002238,-2.960000,-3.040000
0.002240,-2.880000,-3.040000
0.002242,-2.960000,-3.120000
0.002244,-2.960000,-3.120000
0.002246,-2.960000,-3.120000
0.002248,-2.960000,-3.120000
0.002250,-2.960000,-3.200000
0.002252,-2.960000,-3.200000
0.002254,-2.960000,-3.200000
0.002256,-2.960000,-3.280000
0.002258,-2.960000,-3.200000
0.002260,-2.960000,-3.280000
0.002262,-2.960000,-3.280000
0.002264,-2.960000,-3.280000
0.002266,-2.960000,-3.280000
0.002268,-2.960000,-3.360000
0.002270,-2.960000,-3.360000
0.002272,-2.960000,-3.360000
0.002274,-3.040000,-3.360000
0.002276,-2.960000,-3.360000
0.002278,-2.960000,-3.280000
0.002280,-3.040000,-3.360000
0.002282,-2.960000,-3.360000
0.002284,-3.040000,-3.360000
0.002286,-2.960000,-3.360000
0.002288,-3.040000,-3.360000
0.002290,-2.960000,-3.360000
0.002292,-3.040000,-3.280000
0.002294,-2.960000,-3.280000
0.002296,-2.960000,-3.280000
0.002298,-2.960000,-3.280000
0.002300,-2.960000,-3.200000
0.002302,-3.040000,-3.200000
0.002304,-3.040000,-3.200000
0.002306,-3.040000,-3.200000
0.002308,-3.040000,-3.200000
0.002310,-3.040000,-3.200000
0.002312,-3.040000,-3.120000
0.002314,-3.040000,-3.120000
0.002316,-3.040000,-3.120000
0.002318,-3.040000,-3.120000
0.002320,-3.040000,-3.120000
0.002322,-3.040000,-3.040000
0.002324,-3.040000,-3.040000
0.002326,-2.960000,-3.040000
0.002328,-3.040000,-2.960000
0.002330,-3.040000,-2.960000
0.002332,-3.040000,-2.960000
0.002334,-3.040000,-2.960000
0.002336,-3.040000,-2.880000
0.002338,-3.040000,-2.880000
0.002340,-3.040000,-2.880000
0.002342,-3.040000,-2.880000
0.002344,-2.960000,-2.880000
0.002346,-3.040000,-2.880000
0.002348,-2.960000,-2.800000
0.002350,-2.960000,-2.800000
0.002352,-3.040000,-2.800000
0.002354,-3.040000,-2.720000
0.002356,-3.040000,-2.800000
0.002358,-3.040000,-2.800000
0.002360,-3.040000,-2.800000
0.002362,-2.960000,-2.720000
0.002364,-2.960000,-2.800000
0.002366,-2.960000,-2.720000
0.002368,-2.960000,-2.720000
0.002370,-3.040000,-2.800000
0.002372,-2.960000,-2.720000
0.002374,-3.040000,-2.800000
0.002376,-2.960000,-2.720000
0.002378,-2.960000,-2.800000
0.002380,-2.960000,-2.720000
0.002382,-2.960000,-2.720000
0.002384,-2.960000,-2.800000
0.002386,-2.960000,-2.800000
0.002388,-2.960000,-2.800000
0.002390,-2.960000,-2.800000
0.002392,-2.960000,-2.800000
0.002394,-3.040000,-2.800000
0.002396,-2.960000,-2.800000
0.002398,-2.960000,-2.880000
0.002400,-2.960000,-2.880000
0.002402,-2.960000,-2.800000
0.002404,-2.960000,-2.880000
0.002406,-2.960000,-2.880000
0.002408,-2.960000,-2.880000
0.002410,-2.960000,-2.880000
0.002412,-2.960000,-2.960000
0.002414,-2.960000,-2.880000
0.002416,-2.960000,-3.040000
0.002418,-2.960000,-2.960000
0.002420,-2.960000,-2.960000
0.002422,-2.960000,-2.960000
0.002424,-2.960000,-3.040000
0.002426,-2.960000,-3.040000
0.002428,-2.960000,-3.040000
0.002430,-2.960000,-3.040000
0.002432,-2.960000,-3.120000
0.002434,-2.960000,-3.120000
0.002436,-2.960000,-3.120000
0.002438,-2.960000,-3.120000
0.002440,-2.960000,-3.120000
0.002442,-2.960000,-3.120000
0.002444,-2.960000,-3.120000
0.002446,-3.040000,-3.120000
0.002448,-2.960000,-3.120000
0.002450,-2.960000,-3.120000
0.002452,-2.960000,-3.120000
0.002454,-2.960000,-3.120000
0.002456,-2.960000,-3.200000
0.002458,-2.960000,-3.200000
0.002460,-2.960000,-3.120000
0.002462,-3.040000,-3.120000
0.002464,-2.960000,-3.120000
0.002466,-2.960000,-3.120000
0.002468,-2.960000,-3.120000
0.002470,-2.960000,-3.120000
0.002472,-2.960000,-3.120000
0.002474,-2.960000,-3.120000
0.002476,-2.960000,-3.120000
0.002478,-2.960000,-3.120000
0.002480,-3.040000,-3.120000
0.002482,-2.960000,-3.120000
0.002484,-3.040000,-3.120000
0.002486,-3.040000,-3.120000
0.002488,-3.040000,-3.120000
0.002490,-2.960000,-3.120000
0.002492,-2.960000,-3.120000
0.002494,-3.040000,-3.040000
0.002496,-3.040000,-3.040000
0.002498,-3.040000,-2.960000
0.002500,-2.960000,-3.040000
0.002502,-3.040000,-3.040000
0.002504,-2.960000,-3.040000
0.002506,-2.960000,-3.040000
0.002508,-3.040000,-2.960000
0.002510,-3.040000,-2.960000
0.002512,-3.040000,-3.040000
0.002514,-2.960000,-2.960000
0.002516,-2.960000,-2.960000
0.002518,-3.040000,-2.960000
0.002520,-3.040000,-2.880000
0.002522,-2.960000,-2.960000
0.002524,-2.960000,-2.880000
0.002526,-2.960000,-2.960000
0.002528,-2.960000,-2.880000
0.002530,-2.960000,-2.960000
0.002532,-3.040000,-2.880000
0.002534,-2.960000,-2.880000
0.002536,-2.960000,-2.880000
0.002538,-2.960000,-2.880000
0.002540,-3.040000,-2.880000
0.002542,-3.040000,-2.880000
0.002544,-2.960000,-2.880000
0.002546,-3.040000,-2.880000
0.002548,-2.960000,-2.880000
0.002550,-3.040000,-2.880000
0.002552,-2.960000,-2.880000
0.002554,-3.040000,-2.880000
0.002556,-2.960000,-2.880000
0.002558,-2.960000,-2.880000
0.002560,-2.960000,-2.880000
0.002562,-3.040000,-2.880000
0.002564,-3.040000,-2.880000
0.002566,-3.040000,-2.880000
0.002568,-2.960000,-2.880000
0.002570,-2.960000,-2.880000
0.002572,-2.960000,-2.880000
0.002574,-2.960000,-2.960000
0.002576,-3.040000,-2.880000
0.002578,-2.960000,-2.960000
0.002580,-2.960000,-2.960000
0.002582,-2.960000,-2.880000
0.002584,-2.960000,-2.960000
0.002586,-2.960000,-2.960000
0.002588,-2.960000,-2.960000
0.002590,-2.960000,-2.880000
0.002592,-3.040000,-2.960000
0.002594,-2.960000,-2.960000
0.002596,-2.960000,-2.960000
0.002598,-2.960000,-3.040000
0.002600,-2.960000,-3.040000
0.002602,-2.960000,-3.040000
0.002604,-2.960000,-2.960000
0.002606,-2.960000,-3.040000
0.002608,-3.040000,-2.960000
0.002610,-2.960000,-3.040000
0.002612,-2.960000,-3.040000
0.002614,-2.960000,-3.040000
0.002616,-2.960000,-3.040000
0.002618,-2.960000,-3.040000
0.002620,-2.960000,-3.040000
0.002622,-2.960000,-3.040000
0.002624,-2.960000,-3.040000
0.002626,-2.960000,-3.040000
0.002628,-2.960000,-3.040000
0.002630,-2.960000,-3.120000
0.002632,-2.960000,-3.040000
0.002634,-3.040000,-3.040000
0.002636,-2.960000,-3.040000
0.002638,-3.040000,-3.040000
0.002640,-3.040000,-3.120000
0.002642,-2.960000,-3.120000
0.002644,-2.960000,-3.120000
0.002646,-2.960000,-3.120000
0.002648,-3.040000,-3.120000
0.002650,-2.960000,-3.040000
0.002652,-2.960000,-3.040000
0.002654,-3.040000,-3.120000
0.002656,-3.040000,-3.040000
0.002658,-2.960000,-3.040000
0.002660,-3.040000,-3.040000
0.002662,-2.960000,-3.040000
0.002664,-2.960000,-3.040000
0.002666,-2.960000,-3.040000
0.002668,-2.960000,-3.040000
0.002670,-2.960000,-3.040000
0.002672,-3.040000,-3.040000
0.002674,-2.960000,-3.040000
0.002676,-2.960000,-3.040000
0.002678,-2.960000,-3.040000
0.002680,-3.040000,-3.040000
0.002682,-3.040000,-2.960000
0.002684,-2.960000,-2.960000
0.002686,-2.960000,-3.040000
0.002688,-2.960000,-2.960000
0.002690,-2.960000,-3.040000
0.002692,-3.040000,-2.960000
0.002694,-2.960000,-2.960000
0.002696,-2.960000,-2.960000
0.002698,-2.960000,-2.960000
0.002700,-2.960000,-2.960000
0.002702,-3.040000,-2.960000
0.002704,-3.040000,-2.960000
0.002706,-2.960000,-2.960000
0.002708,-3.040000,-2.880000
0.002710,-2.960000,-2.960000
0.002712,-2.960000,-2.960000
0.002714,-3.040000,-2.960000
0.002716,-2.960000,-2.960000
0.002718,-2.960000,-2.960000
0.002720,-2.960000,-2.880000
0.002722,-2.960000,-2.960000
0.002724,-2.960000,-2.960000
0.002726,-2.960000,-2.960000
0.002728,-2.960000,-2.880000
0.002730,-2.960000,-2.960000
0.002732,-2.960000,-2.960000
0.002734,-2.960000,-2.960000
0.002736,-2.960000,-2.880000
0.002738,-3.040000,-2.880000
