-0.002580,0.000000,-0.080000
-0.002578,0.000000,-0.080000
-0.002576,0.000000,0.000000
-0.002574,0.000000,0.000000
-0.002572,0.000000,0.000000
-0.002570,0.000000,0.000000
-0.002568,0.000000,0.000000
-0.002566,0.000000,0.080000
-0.002564,0.000000,0.080000
-0.002562,0.000000,0.080000
-0.002560,0.000000,0.080000
-0.002558,0.000000,0.080000
-0.002556,0.000000,0.080000
-0.002554,0.000000,0.080000
-0.002552,0.000000,0.080000
-0.002550,0.000000,0.080000
-0.002548,0.000000,0.080000
-0.002546,0.000000,0.080000
-0.002544,0.000000,0.080000
-0.002542,0.080000,0.080000
-0.002540,0.000000,0.080000
-0.002538,0.000000,0.080000
-0.002536,0.000000,0.080000
-0.002534,0.080000,0.080000
-0.002532,0.000000,0.080000
-0.002530,0.000000,0.080000
-0.002528,0.000000,0.080000
-0.002526,0.080000,0.080000
-0.002524,0.080000,0.080000
-0.002522,0.000000,0.160000
-0.002520,0.080000,0.080000
-0.002518,0.000000,0.080000
-0.002516,0.080000,0.080000
-0.002514,0.000000,0.080000
-0.002512,0.000000,0.080000
-0.002510,0.000000,0.080000
-0.002508,0.000000,0.080000
-0.002506,0.000000,0.080000
-0.002504,0.000000,0.080000
-0.002502,0.000000,0.080000
-0.002500,0.080000,0.080000
-0.002498,0.000000,0.080000
-0.002496,0.080000,0.080000
-0.002494,0.080000,0.080000
-0.002492,0.080000,0.080000
-0.002490,0.080000,0.080000
-0.002488,0.000000,0.000000
-0.002486,0.080000,0.000000
-0.002484,0.080000,0.000000
-0.002482,0.080000,0.000000
-0.002480,0.080000,0.000000
-0.002478,0.000000,0.000000
-0.002476,0.000000,0.000000
-0.002474,0.080000,0.000000
-0.002472,0.080000,0.000000
-0.002470,0.000000,0.000000
-0.002468,0.000000,-0.080000
-0.002466,0.000000,-0.080000
-0.002464,0.000000,0.000000
-0.002462,0.080000,-0.080000
-0.002460,0.080000,0.000000
-0.002458,0.000000,-0.080000
-0.002456,0.080000,-0.080000
-0.002454,0.000000,-0.080000
-0.002452,0.000000,-0.080000
-0.002450,0.080000,-0.080000
-0.002448,0.080000,-0.080000
-0.002446,0.000000,-0.080000
-0.002444,0.000000,-0.080000
-0.002442,0.000000,-0.080000
-0.002440,0.000000,-0.080000
-0.002438,0.000000,-0.080000
-0.002436,0.000000,-0.080000
-0.002434,0.080000,-0.080000
-0.002432,0.000000,-0.080000
-0.002430,0.000000,-0.080000
-0.002428,0.000000,-0.160000
-0.002426,0.000000,-0.080000
-0.002424,0.000000,-0.080000
-0.002422,0.000000,-0.080000
-0.002420,0.000000,-0.080000
-0.002418,0.000000,-0.080000
-0.002416,0.000000,-0.080000
-0.002414,0.000000,-0.080000
-0.002412,0.000000,-0.080000
-0.002410,0.000000,-0.080000
-0.002408,0.080000,0.000000
-0.002406,0.080000,-0.080000
-0.002404,0.000000,-0.080000
-0.002402,0.000000,-0.080000
-0.002400,0.000000,-0.080000
-0.002398,0.000000,0.000000
-0.002396,0.000000,0.000000
-0.002394,0.000000,0.000000
-0.002392,0.000000,0.000000
-0.002390,0.080000,0.000000
-0.002388,0.080000,0.000000
-0.002386,-0.080000,0.000000
-0.002384,0.000000,0.000000
-0.002382,0.080000,0.000000
-0.002380,0.000000,0.000000
-0.002378,0.000000,0.000000
-0.002376,0.000000,0.080000
-0.002374,0.000000,0.000000
-0.002372,0.000000,0.000000
-0.002370,0.000000,0.000000
-0.002368,0.000000,0.000000
-0.002366,0.080000,0.000000
-0.002364,0.000000,0.080000
-0.002362,0.000000,0.000000
-0.002360,0.000000,0.080000
-0.002358,0.000000,0.080000
-0.002356,0.000000,0.080000
-0.002354,0.000000,0.080000
-0.002352,0.080000,0.080000
-0.002350,0.000000,0.080000
-0.002348,0.000000,0.080000
-0.002346,0.000000,0.080000
-0.002344,0.000000,0.080000
-0.002342,0.080000,0.080000
-0.002340,0.000000,0.080000
-0.002338,0.000000,0.080000
-0.002336,0.000000,0.080000
-0.002334,0.080000,0.080000
-0.002332,0.000000,0.080000
-0.002330,0.000000,0.080000
-0.002328,0.080000,0.080000
-0.002326,0.080000,0.080000
-0.002324,0.080000,0.080000
-0.002322,0.000000,0.080000
-0.002320,0.080000,0.000000
-0.002318,0.000000,0.080000
-0.002316,0.080000,0.000000
-0.002314,0.000000,0.080000
-0.002312,0.000000,0.080000
-0.002310,0.080000,0.080000
-0.002308,0.000000,0.000000
-0.002306,0.000000,0.000000
-0.002304,0.080000,0.080000
-0.002302,0.000000,0.000000
-0.002300,0.000000,0.000000
-0.002298,0.000000,0.000000
-0.002296,0.080000,0.000000
-0.002294,0.000000,0.000000
-0.002292,0.000000,0.000000
-0.002290,0.080000,0.000000
-0.002288,0.000000,0.000000
-0.002286,0.000000,0.000000
-0.002284,0.000000,0.000000
-0.002282,0.080000,0.000000
-0.002280,0.080000,0.000000
-0.002278,0.080000,0.000000
-0.002276,0.000000,-0.080000
-0.002274,0.000000,0.000000
-0.002272,0.000000,-0.080000
-0.002270,0.000000,0.000000
-0.002268,0.080000,0.000000
-0.002266,0.080000,-0.080000
-0.002264,0.080000,0.000000
-0.002262,0.000000,-0.080000
-0.002260,0.000000,-0.080000
-0.002258,0.000000,-0.080000
-0.002256,0.080000,-0.080000
-0.002254,0.000000,0.000000
-0.002252,0.000000,-0.080000
-0.002250,0.000000,0.000000
-0.002248,0.000000,-0.080000
-0.002246,0.080000,-0.080000
-0.002244,0.000000,-0.080000
-0.002242,0.080000,0.000000
-0.002240,0.000000,0.000000
-0.002238,0.000000,-0.080000
-0.002236,0.080000,-0.080000
-0.002234,0.000000,-0.080000
-0.002232,0.000000,0.000000
-0.002230,0.080000,0.000000
-0.002228,0.000000,0.000000
-0.002226,0.080000,0.000000
-0.002224,0.000000,-0.080000
-0.002222,0.000000,0.000000
-0.002220,0.000000,0.000000
-0.002218,0.000000,0.000000
-0.002216,0.000000,0.000000
-0.002214,0.000000,0.000000
-0.002212,0.000000,0.000000
-0.002210,0.080000,0.000000
-0.002208,0.000000,0.000000
-0.002206,0.000000,0.000000
-0.002204,0.000000,0.000000
-0.002202,0.000000,0.000000
-0.002200,0.000000,0.000000
-0.002198,0.000000,0.000000
-0.002196,0.000000,0.000000
-0.002194,0.000000,0.000000
-0.002192,0.000000,0.000000
-0.002190,0.080000,0.080000
-0.002188,0.000000,0.000000
-0.002186,0.000000,0.000000
-0.002184,0.000000,0.000000
-0.002182,0.080000,0.000000
-0.002180,0.000000,0.000000
-0.002178,0.000000,0.080000
-0.002176,0.000000,0.000000
-0.002174,0.000000,0.080000
-0.002172,0.000000,0.000000
-0.002170,0.000000,0.000000
-0.002168,0.000000,0.000000
-0.002166,0.080000,0.000000
-0.002164,0.000000,0.000000
-0.002162,0.000000,0.000000
-0.002160,0.000000,0.000000
-0.002158,0.000000,0.000000
-0.002156,0.000000,0.080000
-0.002154,0.000000,0.080000
-0.002152,0.000000,0.080000
-0.002150,0.000000,0.000000
-0.002148,0.000000,0.000000
-0.002146,0.080000,0.000000
-0.002144,0.000000,0.080000
-0.002142,0.000000,0.000000
-0.002140,0.000000,0.000000
-0.002138,0.000000,0.000000
-0.002136,0.000000,0.000000
-0.002134,0.080000,0.000000
-0.002132,0.080000,0.000000
-0.002130,0.000000,0.080000
-0.002128,0.000000,0.000000
-0.002126,0.000000,0.000000
-0.002124,0.000000,0.080000
-0.002122,0.000000,0.000000
-0.002120,0.000000,0.080000
-0.002118,-0.080000,0.000000
-0.002116,0.000000,0.080000
-0.002114,0.000000,0.080000
-0.002112,0.000000,0.000000
-0.002110,0.080000,0.080000
-0.002108,0.000000,0.000000
-0.002106,0.080000,0.000000
-0.002104,0.000000,0.000000
-0.002102,0.000000,0.000000
-0.002100,0.080000,0.000000
-0.002098,0.080000,0.000000
-0.002096,0.000000,0.000000
-0.002094,0.000000,-0.080000
-0.002092,0.000000,0.000000
-0.002090,0.080000,0.000000
-0.002088,0.080000,0.000000
-0.002086,0.000000,0.000000
-0.002084,0.080000,0.000000
-0.002082,0.080000,0.000000
-0.002080,0.000000,0.000000
-0.002078,0.080000,0.000000
-0.002076,0.000000,0.000000
-0.002074,0.080000,0.000000
-0.002072,0.080000,0.000000
-0.002070,0.000000,0.000000
-0.002068,0.080000,-0.080000
-0.002066,0.000000,0.000000
-0.002064,0.000000,0.000000
-0.002062,0.000000,0.000000
-0.002060,0.000000,0.000000
-0.002058,0.080000,-0.080000
-0.002056,0.000000,0.000000
-0.002054,0.080000,0.000000
-0.002052,0.080000,-0.080000
-0.002050,0.000000,0.000000
-0.002048,0.080000,0.000000
-0.002046,0.000000,0.000000
-0.002044,0.000000,0.000000
-0.002042,0.000000,0.000000
-0.002040,0.000000,0.000000
-0.002038,0.000000,0.000000
-0.002036,0.000000,0.000000
-0.002034,0.080000,0.000000
-0.002032,0.000000,0.000000
-0.002030,0.000000,0.000000
-0.002028,0.000000,0.000000
-0.002026,0.000000,-0.080000
-0.002024,0.000000,0.000000
-0.002022,0.000000,0.000000
-0.002020,0.000000,0.000000
-0.002018,0.000000,0.000000
-0.002016,0.000000,0.000000
-0.002014,0.080000,0.000000
-0.002012,0.000000,0.000000
-0.002010,0.000000,0.000000
-0.002008,0.000000,0.080000
-0.002006,0.000000,0.000000
-0.002004,0.080000,0.000000
-0.002002,0.000000,0.000000
-0.002000,0.000000,0.000000
-0.001998,0.000000,0.000000
-0.001996,0.000000,0.000000
-0.001994,0.000000,0.080000
-0.001992,0.080000,0.000000
-0.001990,0.000000,0.000000
-0.001988,0.080000,0.000000
-0.001986,0.000000,0.000000
-0.001984,0.000000,0.000000
-0.001982,0.000000,0.000000
-0.001980,0.000000,0.000000
-0.001978,0.000000,0.000000
-0.001976,0.000000,0.000000
-0.001974,0.000000,0.000000
-0.001972,0.000000,0.000000
-0.001970,0.080000,0.000000
-0.001968,0.000000,0.000000
-0.001966,0.080000,0.000000
-0.001964,0.000000,0.000000
-0.001962,0.000000,0.000000
-0.001960,0.000000,0.000000
-0.001958,0.000000,0.000000
-0.001956,0.080000,0.000000
-0.001954,0.000000,0.080000
-0.001952,0.080000,0.000000
-0.001950,0.000000,0.000000
-0.001948,0.000000,0.000000
-0.001946,0.000000,0.000000
-0.001944,0.000000,0.000000
-0.001942,0.000000,0.000000
-0.001940,0.000000,0.000000
-0.001938,0.000000,0.000000
-0.001936,0.000000,0.000000
-0.001934,0.000000,0.000000
-0.001932,0.000000,0.000000
-0.001930,0.000000,0.000000
-0.001928,0.000000,0.080000
-0.001926,0.000000,0.000000
-0.001924,0.080000,0.000000
-0.001922,0.000000,0.000000
-0.001920,0.000000,0.000000
-0.001918,0.000000,0.000000
-0.001916,0.080000,0.000000
-0.001914,0.000000,0.000000
-0.001912,0.000000,0.000000
-0.001910,0.080000,0.000000
-0.001908,0.000000,0.000000
-0.001906,0.000000,0.000000
-0.001904,0.000000,0.000000
-0.001902,0.000000,0.080000
-0.001900,0.000000,0.000000
-0.001898,0.000000,0.080000
-0.001896,0.000000,0.000000
-0.001894,0.000000,0.000000
-0.001892,0.000000,0.000000
-0.001890,0.000000,0.000000
-0.001888,0.000000,0.000000
-0.001886,0.000000,0.000000
-0.001884,0.080000,0.000000
-0.001882,0.080000,0.000000
-0.001880,0.000000,0.000000
-0.001878,0.000000,0.000000
-0.001876,0.000000,0.000000
-0.001874,0.000000,-0.080000
-0.001872,0.080000,0.000000
-0.001870,0.000000,0.000000
-0.001868,0.000000,0.000000
-0.001866,0.000000,0.000000
-0.001864,0.080000,0.000000
-0.001862,0.000000,0.000000
-0.001860,0.000000,0.000000
-0.001858,0.000000,0.000000
-0.001856,0.000000,0.000000
-0.001854,0.080000,0.000000
-0.001852,0.000000,0.000000
-0.001850,0.000000,0.000000
-0.001848,0.080000,-0.080000
-0.001846,0.000000,0.000000
-0.001844,0.000000,0.000000
-0.001842,0.000000,-0.080000
-0.001840,0.000000,0.000000
-0.001838,0.000000,0.000000
-0.001836,0.080000,0.000000
-0.001834,0.000000,0.000000
-0.001832,0.000000,0.000000
-0.001830,0.080000,0.000000
-0.001828,0.080000,0.000000
-0.001826,0.080000,0.000000
-0.001824,0.080000,0.080000
-0.001822,0.000000,0.000000
-0.001820,0.080000,0.000000
-0.001818,0.000000,0.000000
-0.001816,0.080000,0.000000
-0.001814,0.080000,0.000000
-0.001812,0.080000,0.000000
-0.001810,0.000000,0.000000
-0.001808,0.000000,0.000000
-0.001806,0.080000,0.000000
-0.001804,0.000000,0.000000
-0.001802,0.000000,0.000000
-0.001800,0.000000,0.000000
-0.001798,0.000000,0.000000
-0.001796,0.000000,0.000000
-0.001794,0.080000,0.000000
-0.001792,0.080000,0.000000
-0.001790,0.080000,0.000000
-0.001788,0.000000,0.000000
-0.001786,0.080000,0.000000
-0.001784,0.000000,0.000000
-0.001782,0.000000,0.000000
-0.001780,0.080000,0.000000
-0.001778,0.080000,0.000000
-0.001776,0.000000,0.080000
-0.001774,0.000000,0.000000
-0.001772,0.000000,0.000000
-0.001770,0.080000,0.000000
-0.001768,0.000000,0.000000
-0.001766,0.000000,0.000000
-0.001764,0.000000,0.000000
-0.001762,0.000000,0.000000
-0.001760,0.000000,0.000000
-0.001758,0.080000,0.000000
-0.001756,0.000000,0.000000
-0.001754,0.000000,0.000000
-0.001752,0.000000,0.080000
-0.001750,0.000000,0.000000
-0.001748,0.000000,0.000000
-0.001746,0.000000,0.000000
-0.001744,0.000000,0.000000
-0.001742,0.000000,0.000000
-0.001740,0.000000,0.000000
-0.001738,-5.840000,0.000000
-0.001736,-5.760000,0.000000
-0.001734,-5.840000,-0.080000
-0.001732,-5.760000,-0.160000
-0.001730,-5.760000,-0.240000
-0.001728,-5.760000,-0.400000
-0.001726,-5.680000,-0.560000
-0.001724,-5.600000,-0.640000
-0.001722,-5.520000,-0.800000
-0.001720,-5.520000,-1.040000
-0.001718,-5.520000,-1.280000
-0.001716,-5.440000,-1.520000
-0.001714,-5.440000,-1.760000
-0.001712,-5.360000,-2.000000
-0.001710,-5.360000,-2.240000
-0.001708,-5.360000,-2.560000
-0.001706,-5.280000,-2.880000
-0.001704,-5.280000,-3.200000
-0.001702,-5.280000,-3.520000
-0.001700,-5.280000,-3.840000
-0.001698,-5.200000,-4.160000
-0.001696,-5.280000,-4.640000
-0.001694,-5.200000,-4.960000
-0.001692,-5.280000,-5.280000
-0.001690,-5.280000,-5.760000
-0.001688,-5.280000,-6.160000
-0.001686,-5.280000,-6.480000
-0.001684,-5.280000,-6.960000
-0.001682,-5.280000,-7.360000
-0.001680,-5.360000,-7.840000
-0.001678,-5.360000,-8.160000
-0.001676,-5.440000,-8.640000
-0.001674,-5.440000,-9.040000
-0.001672,-5.520000,-9.360000
-0.001670,-5.520000,-9.680000
-0.001668,-5.600000,-10.000000
-0.001666,-5.600000,-10.240000
-0.001664,-5.680000,-10.240000
-0.001662,-5.680000,-10.240000
-0.001660,-5.760000,-10.240000
-0.001658,-5.760000,-10.240000
-0.001656,-5.840000,-10.240000
-0.001654,-5.920000,-10.240000
-0.001652,-6.000000,-10.240000
-0.001650,-6.000000,-10.240000
-0.001648,-6.080000,-10.240000
-0.001646,-6.080000,-10.240000
-0.001644,-6.160000,-10.240000
-0.001642,-6.240000,-10.240000
-0.001640,-6.320000,-10.240000
-0.001638,-6.240000,-10.240000
-0.001636,-6.320000,-10.080000
-0.001634,-6.400000,-9.680000
-0.001632,-6.400000,-9.440000
-0.001630,-6.400000,-9.040000
-0.001628,-6.400000,-8.720000
-0.001626,-6.480000,-8.400000
-0.001624,-6.480000,-8.080000
-0.001622,-6.480000,-7.760000
-0.001620,-6.480000,-7.360000
-0.001618,-6.480000,-7.040000
-0.001616,-6.560000,-6.640000
-0.001614,-6.480000,-6.400000
-0.001612,-6.480000,-6.080000
-0.001610,-6.480000,-5.760000
-0.001608,-6.480000,-5.440000
-0.001606,-6.480000,-5.200000
-0.001604,-6.480000,-4.960000
-0.001602,-6.400000,-4.720000
-0.001600,-6.400000,-4.480000
-0.001598,-6.400000,-4.320000
-0.001596,-6.400000,-4.160000
-0.001594,-6.320000,-3.920000
-0.001592,-6.320000,-3.760000
-0.001590,-6.320000,-3.600000
-0.001588,-6.240000,-3.440000
-0.001586,-6.240000,-3.280000
-0.001584,-6.240000,-3.280000
-0.001582,-6.240000,-3.200000
-0.001580,-6.160000,-3.040000
-0.001578,-6.080000,-3.040000
-0.001576,-6.080000,-2.960000
-0.001574,-6.080000,-2.960000
-0.001572,-6.000000,-2.880000
-0.001570,-6.000000,-2.960000
-0.001568,-6.000000,-2.960000
-0.001566,-5.920000,-2.960000
-0.001564,-5.920000,-2.960000
-0.001562,-5.840000,-3.040000
-0.001560,-5.840000,-3.120000
-0.001558,-5.840000,-3.200000
-0.001556,-5.840000,-3.360000
-0.001554,-5.760000,-3.440000
-0.001552,-5.760000,-3.520000
-0.001550,-5.760000,-3.680000
-0.001548,-5.680000,-3.760000
-0.001546,-5.760000,-3.920000
-0.001544,-5.680000,-4.080000
-0.001542,-5.680000,-4.240000
-0.001540,-5.680000,-4.400000
-0.001538,-5.680000,-4.640000
-0.001536,-5.680000,-4.800000
-0.001534,-5.680000,-4.960000
-0.001532,-5.680000,-5.120000
-0.001530,-5.600000,-5.360000
-0.001528,-5.680000,-5.520000
-0.001526,-5.600000,-5.760000
-0.001524,-5.600000,-6.000000
-0.001522,-5.680000,-6.160000
-0.001520,-5.680000,-6.320000
-0.001518,-5.680000,-6.560000
-0.001516,-5.680000,-6.720000
-0.001514,-5.680000,-6.960000
-0.001512,-5.680000,-7.120000
-0.001510,-5.680000,-7.360000
-0.001508,-5.760000,-7.440000
-0.001506,-5.760000,-7.680000
-0.001504,-5.760000,-7.760000
-0.001502,-5.760000,-7.920000
-0.001500,-5.760000,-8.000000
-0.001498,-5.840000,-8.160000
-0.001496,-5.840000,-8.240000
-0.001494,-5.840000,-8.320000
-0.001492,-5.920000,-8.320000
-0.001490,-5.920000,-8.400000
-0.001488,-5.920000,-8.400000
-0.001486,-5.920000,-8.400000
-0.001484,-6.000000,-8.400000
-0.001482,-6.080000,-8.400000
-0.001480,-6.080000,-8.320000
-0.001478,-6.080000,-8.240000
-0.001476,-6.080000,-8.240000
-0.001474,-6.160000,-8.080000
-0.001472,-6.160000,-8.000000
-0.001470,-6.160000,-7.840000
-0.001468,-6.160000,-7.760000
-0.001466,-6.160000,-7.600000
-0.001464,-6.240000,-7.440000
-0.001462,-6.240000,-7.360000
-0.001460,-6.240000,-7.200000
-0.001458,-6.240000,-7.040000
-0.001456,-6.240000,-6.880000
-0.001454,-6.240000,-6.720000
-0.001452,-6.240000,-6.560000
-0.001450,-6.240000,-6.400000
-0.001448,-6.240000,-6.240000
-0.001446,-6.240000,-6.080000
-0.001444,-6.240000,-5.920000
-0.001442,-6.240000,-5.840000
-0.001440,-6.240000,-5.680000
-0.001438,-6.240000,-5.600000
-0.001436,-6.240000,-5.440000
-0.001434,-6.240000,-5.280000
-0.001432,-6.160000,-5.280000
-0.001430,-6.160000,-5.120000
-0.001428,-6.160000,-4.960000
-0.001426,-6.160000,-4.880000
-0.001424,-6.160000,-4.800000
-0.001422,-6.160000,-4.720000
-0.001420,-6.160000,-4.720000
-0.001418,-6.080000,-4.640000
-0.001416,-6.080000,-4.640000
-0.001414,-6.080000,-4.560000
-0.001412,-6.000000,-4.480000
-0.001410,-6.000000,-4.480000
-0.001408,-6.000000,-4.480000
-0.001406,-6.000000,-4.480000
-0.001404,-6.000000,-4.400000
-0.001402,-5.920000,-4.400000
-0.001400,-6.000000,-4.480000
-0.001398,-5.920000,-4.480000
-0.001396,-5.920000,-4.480000
-0.001394,-5.920000,-4.560000
-0.001392,-5.920000,-4.640000
-0.001390,-5.920000,-4.640000
-0.001388,-5.840000,-4.720000
-0.001386,-5.840000,-4.800000
-0.001384,-5.840000,-4.800000
-0.001382,-5.840000,-4.880000
-0.001380,-5.840000,-5.040000
-0.001378,-5.840000,-5.040000
-0.001376,-5.840000,-5.200000
-0.001374,-5.840000,-5.280000
-0.001372,-5.760000,-5.360000
-0.001370,-5.840000,-5.440000
-0.001368,-5.840000,-5.600000
-0.001366,-5.840000,-5.680000
-0.001364,-5.840000,-5.760000
-0.001362,-5.840000,-5.840000
-0.001360,-5.840000,-6.000000
-0.001358,-5.840000,-6.080000
-0.001356,-5.840000,-6.160000
-0.001354,-5.840000,-6.240000
-0.001352,-5.760000,-6.400000
-0.001350,-5.840000,-6.480000
-0.001348,-5.840000,-6.560000
-0.001346,-5.840000,-6.640000
-0.001344,-5.840000,-6.640000
-0.001342,-5.840000,-6.800000
-0.001340,-5.840000,-6.800000
-0.001338,-5.840000,-6.880000
-0.001336,-5.840000,-6.960000
-0.001334,-5.920000,-6.960000
-0.001332,-5.920000,-7.040000
-0.001330,-5.920000,-7.120000
-0.001328,-6.000000,-7.120000
-0.001326,-5.920000,-7.120000
-0.001324,-5.920000,-7.120000
-0.001322,-6.000000,-7.120000
-0.001320,-6.000000,-7.120000
-0.001318,-6.000000,-7.120000
-0.001316,-6.000000,-7.120000
-0.001314,-6.000000,-7.040000
-0.001312,-6.000000,-7.040000
-0.001310,-6.080000,-7.040000
-0.001308,-6.080000,-6.960000
-0.001306,-6.080000,-6.880000
-0.001304,-6.080000,-6.800000
-0.001302,-6.000000,-6.800000
-0.001300,-6.080000,-6.720000
-0.001298,-6.080000,-6.640000
-0.001296,-6.000000,-6.560000
-0.001294,-6.080000,-6.480000
-0.001292,-6.080000,-6.480000
-0.001290,-6.080000,-6.320000
-0.001288,-6.080000,-6.320000
-0.001286,-6.080000,-6.240000
-0.001284,-6.160000,-6.160000
-0.001282,-6.080000,-6.080000
-0.001280,-6.160000,-6.000000
-0.001278,-6.080000,-5.920000
-0.001276,-6.160000,-5.840000
-0.001274,-6.080000,-5.760000
-0.001272,-6.080000,-5.760000
-0.001270,-6.080000,-5.680000
-0.001268,-6.080000,-5.600000
-0.001266,-6.080000,-5.520000
-0.001264,-6.080000,-5.520000
-0.001262,-6.080000,-5.440000
-0.001260,-6.080000,-5.440000
-0.001258,-6.000000,-5.360000
-0.001256,-6.000000,-5.280000
-0.001254,-6.000000,-5.280000
-0.001252,-6.000000,-5.280000
-0.001250,-6.000000,-5.280000
-0.001248,-6.000000,-5.280000
-0.001246,-6.000000,-5.280000
-0.001244,-6.000000,-5.200000
-0.001242,-6.000000,-5.200000
-0.001240,-6.000000,-5.200000
-0.001238,-6.000000,-5.200000
-0.001236,-6.000000,-5.200000
-0.001234,-5.920000,-5.280000
-0.001232,-5.920000,-5.280000
-0.001230,-5.920000,-5.280000
-0.001228,-5.920000,-5.280000
-0.001226,-5.920000,-5.280000
-0.001224,-5.920000,-5.360000
-0.001222,-5.920000,-5.440000
-0.001220,-5.920000,-5.440000
-0.001218,-5.920000,-5.440000
-0.001216,-5.920000,-5.520000
-0.001214,-5.920000,-5.520000
-0.001212,-5.920000,-5.600000
-0.001210,-5.920000,-5.680000
-0.001208,-5.840000,-5.760000
-0.001206,-5.920000,-5.760000
-0.001204,-5.920000,-5.760000
-0.001202,-5.920000,-5.840000
-0.001200,-5.840000,-5.920000
-0.001198,-5.920000,-6.000000
-0.001196,-5.920000,-6.000000
-0.001194,-5.920000,-6.000000
-0.001192,-5.840000,-6.080000
-0.001190,-5.920000,-6.080000
-0.001188,-5.840000,-6.240000
-0.001186,-5.920000,-6.240000
-0.001184,-5.920000,-6.240000
-0.001182,-5.920000,-6.320000
-0.001180,-5.920000,-6.320000
-0.001178,-5.920000,-6.320000
-0.001176,-5.920000,-6.400000
-0.001174,-5.920000,-6.480000
-0.001172,-5.920000,-6.400000
-0.001170,-5.920000,-6.480000
-0.001168,-6.000000,-6.480000
-0.001166,-5.920000,-6.560000
-0.001164,-5.920000,-6.480000
-0.001162,-5.920000,-6.480000
-0.001160,-5.920000,-6.560000
-0.001158,-6.000000,-6.560000
-0.001156,-6.000000,-6.480000
-0.001154,-6.000000,-6.480000
-0.001152,-6.000000,-6.480000
-0.001150,-6.000000,-6.480000
-0.001148,-6.000000,-6.480000
-0.001146,-6.000000,-6.480000
-0.001144,-6.000000,-6.480000
-0.001142,-6.000000,-6.480000
-0.001140,-6.000000,-6.400000
-0.001138,-6.000000,-6.320000
-0.001136,-6.000000,-6.320000
-0.001134,-6.000000,-6.240000
-0.001132,-6.000000,-6.240000
-0.001130,-6.000000,-6.240000
-0.001128,-6.000000,-6.160000
-0.001126,-6.080000,-6.160000
-0.001124,-6.000000,-6.160000
-0.001122,-6.080000,-6.160000
-0.001120,-6.000000,-6.000000
-0.001118,-6.000000,-6.000000
-0.001116,-6.080000,-6.000000
-0.001114,-6.080000,-6.000000
-0.001112,-6.000000,-5.920000
-0.001110,-6.080000,-5.920000
-0.001108,-6.000000,-5.840000
-0.001106,-6.000000,-5.760000
-0.001104,-6.000000,-5.760000
-0.001102,-6.080000,-5.760000
-0.001100,-6.000000,-5.760000
-0.001098,-6.000000,-5.680000
-0.001096,-6.000000,-5.760000
-0.001094,-6.000000,-5.680000
-0.001092,-6.000000,-5.680000
-0.001090,-6.000000,-5.680000
-0.001088,-6.000000,-5.600000
-0.001086,-6.000000,-5.600000
-0.001084,-6.000000,-5.600000
-0.001082,-6.000000,-5.600000
-0.001080,-6.000000,-5.520000
-0.001078,-6.000000,-5.600000
-0.001076,-6.000000,-5.600000
-0.001074,-6.000000,-5.600000
-0.001072,-6.000000,-5.600000
-0.001070,-6.000000,-5.600000
-0.001068,-5.920000,-5.600000
-0.001066,-5.920000,-5.680000
-0.001064,-6.000000,-5.680000
-0.001062,-5.920000,-5.680000
-0.001060,-6.000000,-5.680000
-0.001058,-5.920000,-5.680000
-0.001056,-5.920000,-5.760000
-0.001054,-5.920000,-5.760000
-0.001052,-5.920000,-5.760000
-0.001050,-5.920000,-5.840000
-0.001048,-5.920000,-5.760000
-0.001046,-5.920000,-5.920000
-0.001044,-6.000000,-5.840000
-0.001042,-5.920000,-5.920000
-0.001040,-5.920000,-5.920000
-0.001038,-5.920000,-5.920000
-0.001036,-6.000000,-6.000000
-0.001034,-5.920000,-6.080000
-0.001032,-6.000000,-6.080000
-0.001030,-5.920000,-6.080000
-0.001028,-5.920000,-6.080000
-0.001026,-5.920000,-6.080000
-0.001024,-5.920000,-6.080000
-0.001022,-6.000000,-6.160000
-0.001020,-5.920000,-6.080000
-0.001018,-6.000000,-6.160000
-0.001016,-6.000000,-6.160000
-0.001014,-5.920000,-6.160000
-0.001012,-6.000000,-6.240000
-0.001010,-6.000000,-6.240000
-0.001008,-6.000000,-6.240000
-0.001006,-5.920000,-6.240000
-0.001004,-5.920000,-6.240000
-0.001002,-6.000000,-6.240000
-0.001000,-5.920000,-6.240000
-0.000998,-6.000000,-6.240000
-0.000996,-6.000000,-6.240000
-0.000994,-6.000000,-6.240000
-0.000992,-6.000000,-6.240000
-0.000990,-5.920000,-6.240000
-0.000988,-5.920000,-6.240000
-0.000986,-6.000000,-6.240000
-0.000984,-6.000000,-6.240000
-0.000982,-6.000000,-6.240000
-0.000980,-6.000000,-6.160000
-0.000978,-6.000000,-6.160000
-0.000976,-6.000000,-6.160000
-0.000974,-6.000000,-6.160000
-0.000972,-6.000000,-6.160000
-0.000970,-6.000000,-6.080000
-0.000968,-6.000000,-6.080000
-0.000966,-6.000000,-6.080000
-0.000964,-6.000000,-6.080000
-0.000962,-6.000000,-6.000000
-0.000960,-6.000000,-6.000000
-0.000958,-6.000000,-6.000000
-0.000956,-6.000000,-6.000000
-0.000954,-6.000000,-6.000000
-0.000952,-6.000000,-6.000000
-0.000950,-6.000000,-5.920000
-0.000948,-6.000000,-5.920000
-0.000946,-6.000000,-5.920000
-0.000944,-6.000000,-5.840000
-0.000942,-6.000000,-5.840000
-0.000940,-6.000000,-5.840000
-0.000938,-6.000000,-5.840000
-0.000936,-6.000000,-5.840000
-0.000934,-6.000000,-5.840000
-0.000932,-6.000000,-5.840000
-0.000930,-6.000000,-5.760000
-0.000928,-6.000000,-5.840000
-0.000926,-6.000000,-5.760000
-0.000924,-6.000000,-5.840000
-0.000922,-6.000000,-5.760000
-0.000920,-6.000000,-5.760000
-0.000918,-6.000000,-5.760000
-0.000916,-6.000000,-5.760000
-0.000914,-6.000000,-5.760000
-0.000912,-6.000000,-5.760000
-0.000910,-6.000000,-5.760000
-0.000908,-6.000000,-5.760000
-0.000906,-6.000000,-5.760000
-0.000904,-6.000000,-5.840000
-0.000902,-6.000000,-5.840000
-0.000900,-6.000000,-5.840000
-0.000898,-6.000000,-5.840000
-0.000896,-6.000000,-5.840000
-0.000894,-5.920000,-5.840000
-0.000892,-6.000000,-5.840000
-0.000890,-6.000000,-5.920000
-0.000888,-5.920000,-5.920000
-0.000886,-5.920000,-5.920000
-0.000884,-6.000000,-5.920000
-0.000882,-6.000000,-5.920000
-0.000880,-6.000000,-5.920000
-0.000878,-5.920000,-6.000000
-0.000876,-5.920000,-6.000000
-0.000874,-6.000000,-6.000000
-0.000872,-5.920000,-6.000000
-0.000870,-5.920000,-6.000000
-0.000868,-6.000000,-6.000000
-0.000866,-6.000000,-6.080000
-0.000864,-6.000000,-6.080000
-0.000862,-6.000000,-6.080000
-0.000860,-6.000000,-6.080000
-0.000858,-6.000000,-6.080000
-0.000856,-6.000000,-6.080000
-0.000854,-6.000000,-6.080000
-0.000852,-5.920000,-6.080000
-0.000850,-6.000000,-6.160000
-0.000848,-5.920000,-6.160000
-0.000846,-6.000000,-6.160000
-0.000844,-6.000000,-6.080000
-0.000842,-6.000000,-6.080000
-0.000840,-6.000000,-6.080000
-0.000838,-6.000000,-6.160000
-0.000836,-6.000000,-6.160000
-0.000834,-6.000000,-6.160000
-0.000832,-6.000000,-6.080000
-0.000830,-6.000000,-6.160000
-0.000828,-6.000000,-6.080000
-0.000826,-6.000000,-6.160000
-0.000824,-6.000000,-6.080000
-0.000822,-6.000000,-6.160000
-0.000820,-6.000000,-6.080000
-0.000818,-6.000000,-6.080000
-0.000816,-6.000000,-6.080000
-0.000814,-6.000000,-6.080000
-0.000812,-6.000000,-6.080000
-0.000810,-6.000000,-6.080000
-0.000808,-6.000000,-6.080000
-0.000806,-6.000000,-6.080000
-0.000804,-6.000000,-6.000000
-0.000802,-6.000000,-6.000000
-0.000800,-6.000000,-6.000000
-0.000798,-6.000000,-6.000000
-0.000796,-6.000000,-6.000000
-0.000794,-6.000000,-6.000000
-0.000792,-6.000000,-6.000000
-0.000790,-6.000000,-6.000000
-0.000788,-6.000000,-6.000000
-0.000786,-6.000000,-5.920000
-0.000784,-6.000000,-5.920000
-0.000782,-6.000000,-6.000000
-0.000780,-6.000000,-5.920000
-0.000778,-6.000000,-5.920000
-0.000776,-6.000000,-5.920000
-0.000774,-6.000000,-5.920000
-0.000772,-6.000000,-5.920000
-0.000770,-6.000000,-5.920000
-0.000768,-6.000000,-5.920000
-0.000766,-6.000000,-5.920000
-0.000764,-6.000000,-5.920000
-0.000762,-6.000000,-5.840000
-0.000760,-6.000000,-5.840000
-0.000758,-6.000000,-5.920000
-0.000756,-6.000000,-5.920000
-0.000754,-6.000000,-5.920000
-0.000752,-6.000000,-5.840000
-0.000750,-6.000000,-5.920000
-0.000748,-6.000000,-5.920000
-0.000746,-6.000000,-5.840000
-0.000744,-6.000000,-5.920000
-0.000742,-6.000000,-5.840000
-0.000740,-6.000000,-5.920000
-0.000738,-6.000000,-5.920000
-0.000736,-6.000000,-5.920000
-0.000734,-5.920000,-5.920000
-0.000732,-6.000000,-5.920000
-0.000730,-6.000000,-5.920000
-0.000728,-6.000000,-6.000000
-0.000726,-6.000000,-5.920000
-0.000724,-6.000000,-6.000000
-0.000722,-6.000000,-6.000000
-0.000720,-6.000000,-6.000000
-0.000718,-6.000000,-6.000000
-0.000716,-5.920000,-6.000000
-0.000714,-5.920000,-6.000000
-0.000712,-5.920000,-6.000000
-0.000710,-6.000000,-6.000000
-0.000708,-6.000000,-6.000000
-0.000706,-6.000000,-6.080000
-0.000704,-6.000000,-6.000000
-0.000702,-6.000000,-6.000000
-0.000700,-6.000000,-6.000000
-0.000698,-6.000000,-6.080000
-0.000696,-6.000000,-6.000000
-0.000694,-6.000000,-6.000000
-0.000692,-6.000000,-6.080000
-0.000690,-6.000000,-6.080000
-0.000688,-6.000000,-6.080000
-0.000686,-6.000000,-6.080000
-0.000684,-6.000000,-6.000000
-0.000682,-6.000000,-6.080000
-0.000680,-6.000000,-6.080000
-0.000678,-6.000000,-6.080000
-0.000676,-6.000000,-6.000000
-0.000674,-6.000000,-6.080000
-0.000672,-6.000000,-6.080000
-0.000670,-6.000000,-6.080000
-0.000668,-6.000000,-6.080000
-0.000666,-6.000000,-6.080000
-0.000664,-6.000000,-6.000000
-0.000662,-6.000000,-6.000000
-0.000660,-6.000000,-6.080000
-0.000658,-6.000000,-6.080000
-0.000656,-6.000000,-6.080000
-0.000654,-6.000000,-6.000000
-0.000652,-6.000000,-6.000000
-0.000650,-6.000000,-6.080000
-0.000648,-6.000000,-6.000000
-0.000646,-6.000000,-6.000000
-0.000644,-6.000000,-6.000000
-0.000642,-6.000000,-6.080000
-0.000640,-6.000000,-6.000000
-0.000638,-6.000000,-6.000000
-0.000636,-6.000000,-6.000000
-0.000634,-6.000000,-6.000000
-0.000632,-6.000000,-6.000000
-0.000630,-6.000000,-6.000000
-0.000628,-6.000000,-6.000000
-0.000626,-6.000000,-6.000000
-0.000624,-6.000000,-6.000000
-0.000622,-6.000000,-6.000000
-0.000620,-6.000000,-5.920000
-0.000618,-6.000000,-5.920000
-0.000616,-6.000000,-6.000000
-0.000614,-6.000000,-5.920000
-0.000612,-6.000000,-6.000000
-0.000610,-6.000000,-6.000000
-0.000608,-6.000000,-6.000000
-0.000606,-6.000000,-6.000000
-0.000604,-6.000000,-5.920000
-0.000602,-6.000000,-5.920000
-0.000600,-6.000000,-5.920000
-0.000598,-6.000000,-5.920000
-0.000596,-6.000000,-5.920000
-0.000594,-6.000000,-5.920000
-0.000592,-6.000000,-5.920000
-0.000590,-6.000000,-5.920000
-0.000588,-6.000000,-6.000000
-0.000586,-6.000000,-5.920000
-0.000584,-6.000000,-5.920000
-0.000582,-6.000000,-6.000000
-0.000580,-5.920000,-5.920000
-0.000578,-6.000000,-6.000000
-0.000576,-6.000000,-5.920000
-0.000574,-6.000000,-6.000000
-0.000572,-6.000000,-6.000000
-0.000570,-6.000000,-6.000000
-0.000568,-6.000000,-6.000000
-0.000566,-6.000000,-6.000000
-0.000564,-6.000000,-6.000000
-0.000562,-6.000000,-6.000000
-0.000560,-6.000000,-6.000000
-0.000558,-6.000000,-6.000000
-0.000556,-6.000000,-5.920000
-0.000554,-6.000000,-6.000000
-0.000552,-6.000000,-6.000000
-0.000550,-6.000000,-6.000000
-0.000548,-6.000000,-6.080000
-0.000546,-6.000000,-6.000000
-0.000544,-6.000000,-6.000000
-0.000542,-6.000000,-6.000000
-0.000540,-5.920000,-6.000000
-0.000538,-5.920000,-6.080000
-0.000536,-6.000000,-6.000000
-0.000534,-6.000000,-6.000000
-0.000532,-5.920000,-6.000000
-0.000530,-6.000000,-6.000000
-0.000528,-6.000000,-6.000000
-0.000526,-6.000000,-6.000000
-0.000524,-6.000000,-6.000000
-0.000522,-6.000000,-6.000000
-0.000520,-6.000000,-6.000000
-0.000518,-6.000000,-6.000000
-0.000516,-6.000000,-6.080000
-0.000514,-6.000000,-6.000000
-0.000512,-6.000000,-6.000000
-0.000510,-6.000000,-6.000000
-0.000508,-6.000000,-6.000000
-0.000506,-6.000000,-6.080000
-0.000504,-6.000000,-6.080000
-0.000502,-6.000000,-6.080000
-0.000500,-6.000000,-6.000000
-0.000498,-6.000000,-6.000000
-0.000496,-6.000000,-6.000000
-0.000494,-6.000000,-6.000000
-0.000492,-6.000000,-6.000000
-0.000490,-6.000000,-6.000000
-0.000488,-6.000000,-6.000000
-0.000486,-6.000000,-6.000000
-0.000484,-6.000000,-6.000000
-0.000482,-6.000000,-6.000000
-0.000480,-6.000000,-6.000000
-0.000478,-6.000000,-6.000000
-0.000476,-6.000000,-6.000000
-0.000474,-6.000000,-6.000000
-0.000472,-6.000000,-6.000000
-0.000470,-6.000000,-6.000000
-0.000468,-6.000000,-6.000000
-0.000466,-6.000000,-6.000000
-0.000464,-6.000000,-6.000000
-0.000462,-6.000000,-6.000000
-0.000460,-6.000000,-6.000000
-0.000458,-6.000000,-6.000000
-0.000456,-6.000000,-6.000000
-0.000454,-6.000000,-6.000000
-0.000452,-6.000000,-5.920000
-0.000450,-6.000000,-6.000000
-0.000448,-6.000000,-6.000000
-0.000446,-6.000000,-6.000000
-0.000444,-6.000000,-6.000000
-0.000442,-6.000000,-5.920000
-0.000440,-6.000000,-6.000000
-0.000438,-6.000000,-6.000000
-0.000436,-6.000000,-6.000000
-0.000434,-6.000000,-6.000000
-0.000432,-6.000000,-6.000000
-0.000430,-5.920000,-6.000000
-0.000428,-6.000000,-6.000000
-0.000426,-6.000000,-6.000000
-0.000424,-6.000000,-6.000000
-0.000422,-6.000000,-6.000000
-0.000420,-6.000000,-6.000000
-0.000418,-6.000000,-6.000000
-0.000416,-6.000000,-6.000000
-0.000414,-6.000000,-6.000000
-0.000412,-6.000000,-6.000000
-0.000410,-6.000000,-6.000000
-0.000408,-6.000000,-6.000000
-0.000406,-6.000000,-5.920000
-0.000404,-6.000000,-6.000000
-0.000402,-6.000000,-6.000000
-0.000400,-6.000000,-6.000000
-0.000398,-6.000000,-6.000000
-0.000396,-6.000000,-6.000000
-0.000394,-6.000000,-6.000000
-0.000392,-6.000000,-6.000000
-0.000390,-6.000000,-6.000000
-0.000388,-6.000000,-6.000000
-0.000386,-6.000000,-6.000000
-0.000384,-6.000000,-6.000000
-0.000382,-6.000000,-6.000000
-0.000380,-6.000000,-6.000000
-0.000378,-6.000000,-6.000000
-0.000376,-6.000000,-6.000000
-0.000374,-6.000000,-6.000000
-0.000372,-6.000000,-6.000000
-0.000370,-6.000000,-6.000000
-0.000368,-6.000000,-6.000000
-0.000366,-6.000000,-6.000000
-0.000364,-6.000000,-6.000000
-0.000362,-6.000000,-6.000000
-0.000360,-6.000000,-6.080000
-0.000358,-6.000000,-6.000000
-0.000356,-6.000000,-6.000000
-0.000354,-5.920000,-6.000000
-0.000352,-6.000000,-6.000000
-0.000350,-6.000000,-6.000000
-0.000348,-6.000000,-6.000000
-0.000346,-6.000000,-6.000000
-0.000344,-6.000000,-6.000000
-0.000342,-6.000000,-6.000000
-0.000340,-6.000000,-6.000000
-0.000338,-6.000000,-6.000000
-0.000336,-6.000000,-6.000000
-0.000334,-6.000000,-6.000000
-0.000332,-6.000000,-6.000000
-0.000330,-6.000000,-6.000000
-0.000328,-6.000000,-6.000000
-0.000326,-6.000000,-6.000000
-0.000324,-6.000000,-6.000000
-0.000322,-6.000000,-6.000000
-0.000320,-6.000000,-6.000000
-0.000318,-6.000000,-6.000000
-0.000316,-6.000000,-6.000000
-0.000314,-5.920000,-6.000000
-0.000312,-6.000000,-6.000000
-0.000310,-6.000000,-6.000000
-0.000308,-6.000000,-6.000000
-0.000306,-6.000000,-6.000000
-0.000304,-6.000000,-6.000000
-0.000302,-6.000000,-6.000000
-0.000300,-6.000000,-6.000000
-0.000298,-6.000000,-6.000000
-0.000296,-6.000000,-6.000000
-0.000294,-6.000000,-6.000000
-0.000292,-6.000000,-6.000000
-0.000290,-6.000000,-6.000000
-0.000288,-6.000000,-6.000000
-0.000286,-6.000000,-6.000000
-0.000284,-6.000000,-5.920000
-0.000282,-6.000000,-6.000000
-0.000280,-6.000000,-6.000000
-0.000278,-6.000000,-6.000000
-0.000276,-6.000000,-6.000000
-0.000274,-6.000000,-5.920000
-0.000272,-6.000000,-6.000000
-0.000270,-6.000000,-6.000000
-0.000268,-5.920000,-6.000000
-0.000266,-6.000000,-5.920000
-0.000264,-6.000000,-6.000000
-0.000262,-6.000000,-6.000000
-0.000260,-5.920000,-6.000000
-0.000258,-6.000000,-6.000000
-0.000256,-6.000000,-6.000000
-0.000254,-6.000000,-6.000000
-0.000252,-6.000000,-6.000000
-0.000250,-6.000000,-6.000000
-0.000248,-6.000000,-6.000000
-0.000246,-6.000000,-6.000000
-0.000244,-5.920000,-6.000000
-0.000242,-6.000000,-6.000000
-0.000240,-6.000000,-6.000000
-0.000238,-6.000000,-6.000000
-0.000236,-6.000000,-6.000000
-0.000234,-6.000000,-6.000000
-0.000232,-6.000000,-6.000000
-0.000230,-6.000000,-6.000000
-0.000228,-6.000000,-6.000000
-0.000226,-6.000000,-6.000000
-0.000224,-6.000000,-6.000000
-0.000222,-6.000000,-6.000000
-0.000220,-6.000000,-6.000000
-0.000218,-6.000000,-6.000000
-0.000216,-6.000000,-6.000000
-0.000214,-6.000000,-6.000000
-0.000212,-6.000000,-6.000000
-0.000210,-6.000000,-6.000000
-0.000208,-6.000000,-6.000000
-0.000206,-6.000000,-6.000000
-0.000204,-6.000000,-6.000000
-0.000202,-6.000000,-6.000000
-0.000200,-6.000000,-6.000000
-0.000198,-6.000000,-6.000000
-0.000196,-6.000000,-6.000000
-0.000194,-6.000000,-6.000000
-0.000192,-6.000000,-6.000000
-0.000190,-6.000000,-6.000000
-0.000188,-6.000000,-6.000000
-0.000186,-6.000000,-6.000000
-0.000184,-6.000000,-6.000000
-0.000182,-6.000000,-6.000000
-0.000180,-6.000000,-6.000000
-0.000178,-6.000000,-6.000000
-0.000176,-6.000000,-6.000000
-0.000174,-6.000000,-6.000000
-0.000172,-6.000000,-6.000000
-0.000170,-6.000000,-6.000000
-0.000168,-6.000000,-6.000000
-0.000166,-6.000000,-6.000000
-0.000164,-6.000000,-6.000000
-0.000162,-6.000000,-6.000000
-0.000160,-6.000000,-6.000000
-0.000158,-6.000000,-6.000000
-0.000156,-6.000000,-6.000000
-0.000154,-5.920000,-6.000000
-0.000152,-6.000000,-6.000000
-0.000150,-6.000000,-6.000000
-0.000148,-6.000000,-6.000000
-0.000146,-6.000000,-6.000000
-0.000144,-6.000000,-6.000000
-0.000142,-6.000000,-6.000000
-0.000140,-6.000000,-6.000000
-0.000138,-6.000000,-6.000000
-0.000136,-6.000000,-6.000000
-0.000134,-6.000000,-6.000000
-0.000132,-6.000000,-6.000000
-0.000130,-6.000000,-6.000000
-0.000128,-6.000000,-6.000000
-0.000126,-6.000000,-6.000000
-0.000124,-6.000000,-6.000000
-0.000122,-6.000000,-6.000000
-0.000120,-6.000000,-6.000000
-0.000118,-6.000000,-6.000000
-0.000116,-6.000000,-6.000000
-0.000114,-6.000000,-6.000000
-0.000112,-6.000000,-6.000000
-0.000110,-6.000000,-6.000000
-0.000108,-6.000000,-6.000000
-0.000106,-6.000000,-6.000000
-0.000104,-6.000000,-6.000000
-0.000102,-6.000000,-6.000000
-0.000100,-6.000000,-6.000000
-0.000098,-6.000000,-6.000000
-0.000096,-6.000000,-6.000000
-0.000094,-6.000000,-6.000000
-0.000092,-6.000000,-6.000000
-0.000090,-6.000000,-6.000000
-0.000088,-6.000000,-6.000000
-0.000086,-6.000000,-6.000000
-0.000084,-6.000000,-6.000000
-0.000082,-6.000000,-6.000000
-0.000080,-6.000000,-6.000000
-0.000078,-6.000000,-6.000000
-0.000076,-6.000000,-6.000000
-0.000074,-6.000000,-6.000000
-0.000072,-6.000000,-6.000000
-0.000070,-0.160000,-6.000000
-0.000068,-0.160000,-5.920000
-0.000066,-0.160000,-5.840000
-0.000064,-0.240000,-5.760000
-0.000062,-0.240000,-5.520000
-0.000060,-0.320000,-5.440000
-0.000058,-0.320000,-5.200000
-0.000056,-0.400000,-4.960000
-0.000054,-0.400000,-4.720000
-0.000052,-0.480000,-4.480000
-0.000050,-0.480000,-4.160000
-0.000048,-0.560000,-3.920000
-0.000046,-0.560000,-3.600000
-0.000044,-0.640000,-3.280000
-0.000042,-0.640000,-3.040000
-0.000040,-0.640000,-2.720000
-0.000038,-0.640000,-2.400000
-0.000036,-0.640000,-2.160000
-0.000034,-0.640000,-1.840000
-0.000032,-0.720000,-1.600000
-0.000030,-0.720000,-1.280000
-0.000028,-0.640000,-0.960000
-0.000026,-0.640000,-0.720000
-0.000024,-0.640000,-0.400000
-0.000022,-0.640000,-0.160000
-0.000020,-0.640000,0.080000
-0.000018,-0.640000,0.320000
-0.000016,-0.640000,0.640000
-0.000014,-0.640000,0.800000
-0.000012,-0.560000,1.120000
-0.000010,-0.560000,1.360000
-0.000008,-0.560000,1.600000
-0.000006,-0.480000,1.840000
-0.000004,-0.480000,2.000000
-0.000002,-0.480000,2.160000
0.000000,-0.480000,2.400000
0.000002,-0.400000,2.640000
0.000004,-0.400000,2.720000
0.000006,-0.400000,2.880000
0.000008,-0.320000,2.960000
0.000010,-0.320000,3.120000
0.000012,-0.240000,3.280000
0.000014,-0.160000,3.280000
0.000016,-0.160000,3.440000
0.000018,-0.160000,3.520000
0.000020,-0.080000,3.520000
0.000022,0.000000,3.600000
0.000024,0.000000,3.600000
0.000026,0.080000,3.600000
0.000028,0.080000,3.600000
0.000030,0.080000,3.520000
0.000032,0.080000,3.520000
0.000034,0.160000,3.440000
0.000036,0.160000,3.360000
0.000038,0.320000,3.280000
0.000040,0.240000,3.200000
0.000042,0.320000,3.040000
0.000044,0.320000,2.880000
0.000046,0.320000,2.880000
0.000048,0.320000,2.640000
0.000050,0.320000,2.560000
0.000052,0.400000,2.400000
0.000054,0.400000,2.240000
0.000056,0.400000,2.080000
0.000058,0.400000,1.920000
0.000060,0.480000,1.680000
0.000062,0.480000,1.600000
0.000064,0.480000,1.360000
0.000066,0.480000,1.200000
0.000068,0.480000,0.960000
0.000070,0.480000,0.800000
0.000072,0.480000,0.640000
0.000074,0.480000,0.480000
0.000076,0.480000,0.320000
0.000078,0.480000,0.080000
0.000080,0.480000,-0.080000
0.000082,0.480000,-0.240000
0.000084,0.480000,-0.400000
0.000086,0.480000,-0.640000
0.000088,0.400000,-0.720000
0.000090,0.400000,-0.880000
0.000092,0.400000,-1.040000
0.000094,0.320000,-1.200000
0.000096,0.400000,-1.360000
0.000098,0.320000,-1.440000
0.000100,0.320000,-1.600000
0.000102,0.320000,-1.680000
0.000104,0.240000,-1.840000
0.000106,0.320000,-1.840000
0.000108,0.240000,-2.000000
0.000110,0.240000,-2.000000
0.000112,0.240000,-2.080000
0.000114,0.240000,-2.160000
0.000116,0.160000,-2.240000
0.000118,0.080000,-2.240000
0.000120,0.080000,-2.320000
0.000122,0.080000,-2.320000
0.000124,0.080000,-2.320000
0.000126,0.000000,-2.240000
0.000128,0.000000,-2.320000
0.000130,0.000000,-2.320000
0.000132,-0.080000,-2.240000
0.000134,-0.080000,-2.240000
0.000136,-0.080000,-2.160000
0.000138,-0.080000,-2.080000
0.000140,-0.160000,-2.080000
0.000142,-0.160000,-1.920000
0.000144,-0.160000,-1.920000
0.000146,-0.160000,-1.840000
0.000148,-0.160000,-1.680000
0.000150,-0.240000,-1.600000
0.000152,-0.240000,-1.440000
0.000154,-0.240000,-1.440000
0.000156,-0.240000,-1.280000
0.000158,-0.240000,-1.200000
0.000160,-0.240000,-1.040000
0.000162,-0.320000,-0.960000
0.000164,-0.320000,-0.800000
0.000166,-0.320000,-0.640000
0.000168,-0.240000,-0.560000
0.000170,-0.320000,-0.480000
0.000172,-0.240000,-0.320000
0.000174,-0.240000,-0.240000
0.000176,-0.240000,-0.080000
0.000178,-0.240000,0.000000
0.000180,-0.240000,0.160000
0.000182,-0.240000,0.240000
0.000184,-0.240000,0.320000
0.000186,-0.240000,0.480000
0.000188,-0.160000,0.560000
0.000190,-0.240000,0.640000
0.000192,-0.240000,0.720000
0.000194,-0.160000,0.800000
0.000196,-0.160000,0.960000
0.000198,-0.160000,1.040000
0.000200,-0.160000,1.040000
0.000202,-0.160000,1.120000
0.000204,-0.080000,1.120000
0.000206,-0.080000,1.200000
0.000208,-0.080000,1.280000
0.000210,-0.080000,1.360000
0.000212,-0.080000,1.440000
0.000214,-0.080000,1.440000
0.000216,-0.080000,1.440000
0.000218,0.000000,1.440000
0.000220,0.000000,1.440000
0.000222,0.000000,1.440000
0.000224,0.000000,1.440000
0.000226,0.000000,1.440000
0.000228,0.080000,1.440000
0.000230,0.080000,1.440000
0.000232,0.080000,1.440000
0.000234,0.080000,1.360000
0.000236,0.080000,1.360000
0.000238,0.160000,1.280000
0.000240,0.160000,1.280000
0.000242,0.160000,1.200000
0.000244,0.160000,1.200000
0.000246,0.160000,1.120000
0.000248,0.240000,1.040000
0.000250,0.160000,0.960000
0.000252,0.160000,0.880000
0.000254,0.160000,0.800000
0.000256,0.160000,0.720000
0.000258,0.240000,0.720000
0.000260,0.160000,0.640000
0.000262,0.160000,0.560000
0.000264,0.240000,0.480000
0.000266,0.240000,0.400000
0.000268,0.240000,0.320000
0.000270,0.240000,0.240000
0.000272,0.240000,0.160000
0.000274,0.240000,0.080000
0.000276,0.160000,0.080000
0.000278,0.160000,-0.080000
0.000280,0.160000,-0.080000
0.000282,0.240000,-0.240000
0.000284,0.240000,-0.320000
0.000286,0.160000,-0.400000
0.000288,0.160000,-0.400000
0.000290,0.160000,-0.400000
0.000292,0.160000,-0.560000
0.000294,0.160000,-0.640000
0.000296,0.160000,-0.640000
0.000298,0.160000,-0.720000
0.000300,0.160000,-0.720000
0.000302,0.080000,-0.720000
0.000304,0.080000,-0.880000
0.000306,0.080000,-0.800000
0.000308,0.160000,-0.880000
0.000310,0.080000,-0.880000
0.000312,0.080000,-0.880000
0.000314,0.080000,-0.880000
0.000316,0.080000,-0.960000
0.000318,0.080000,-0.960000
0.000320,0.000000,-0.960000
0.000322,0.000000,-0.960000
0.000324,0.000000,-0.960000
0.000326,0.000000,-0.960000
0.000328,0.000000,-0.960000
0.000330,0.000000,-0.960000
0.000332,-0.080000,-0.880000
0.000334,-0.080000,-0.880000
0.000336,-0.080000,-0.880000
0.000338,-0.080000,-0.800000
0.000340,-0.080000,-0.800000
0.000342,-0.080000,-0.720000
0.000344,-0.080000,-0.720000
0.000346,-0.080000,-0.640000
0.000348,-0.080000,-0.640000
0.000350,-0.080000,-0.640000
0.000352,-0.080000,-0.560000
0.000354,-0.080000,-0.560000
0.000356,-0.080000,-0.480000
0.000358,-0.080000,-0.400000
0.000360,-0.080000,-0.400000
0.000362,-0.080000,-0.320000
0.000364,-0.080000,-0.240000
0.000366,-0.080000,-0.240000
0.000368,-0.080000,-0.160000
0.000370,-0.080000,-0.160000
0.000372,-0.080000,0.000000
0.000374,-0.080000,0.000000
0.000376,-0.080000,0.080000
0.000378,-0.080000,0.080000
0.000380,-0.080000,0.080000
0.000382,-0.080000,0.160000
0.000384,-0.080000,0.240000
0.000386,-0.080000,0.240000
0.000388,-0.080000,0.320000
0.000390,-0.080000,0.400000
0.000392,-0.080000,0.320000
0.000394,-0.080000,0.400000
0.000396,0.000000,0.400000
0.000398,-0.080000,0.480000
0.000400,0.000000,0.480000
0.000402,-0.080000,0.480000
0.000404,-0.080000,0.480000
0.000406,0.000000,0.560000
0.000408,0.000000,0.560000
0.000410,0.000000,0.560000
0.000412,0.000000,0.560000
0.000414,0.080000,0.560000
0.000416,0.000000,0.640000
0.000418,0.080000,0.640000
0.000420,0.000000,0.640000
0.000422,0.080000,0.640000
0.000424,0.080000,0.560000
0.000426,0.080000,0.560000
0.000428,0.080000,0.560000
0.000430,0.080000,0.560000
0.000432,0.000000,0.480000
0.000434,0.080000,0.560000
0.000436,0.080000,0.480000
0.000438,0.080000,0.480000
0.000440,0.080000,0.480000
0.000442,0.080000,0.480000
0.000444,0.080000,0.480000
0.000446,0.080000,0.320000
0.000448,0.080000,0.320000
0.000450,0.080000,0.320000
0.000452,0.160000,0.320000
0.000454,0.080000,0.240000
0.000456,0.080000,0.240000
0.000458,0.080000,0.160000
0.000460,0.080000,0.160000
0.000462,0.080000,0.160000
0.000464,0.080000,0.080000
0.000466,0.080000,0.080000
0.000468,0.080000,0.000000
0.000470,0.080000,0.000000
0.000472,0.080000,0.000000
0.000474,0.080000,0.000000
0.000476,0.080000,-0.080000
0.000478,0.080000,-0.160000
0.000480,0.080000,-0.160000
0.000482,0.080000,-0.160000
0.000484,0.080000,-0.160000
0.000486,0.080000,-0.160000
0.000488,0.080000,-0.240000
0.000490,0.080000,-0.240000
0.000492,0.080000,-0.240000
0.000494,0.080000,-0.400000
0.000496,0.080000,-0.320000
0.000498,0.080000,-0.400000
0.000500,0.080000,-0.400000
0.000502,0.080000,-0.400000
0.000504,0.080000,-0.400000
0.000506,0.080000,-0.400000
0.000508,0.080000,-0.480000
0.000510,0.000000,-0.400000
0.000512,0.000000,-0.400000
0.000514,0.080000,-0.400000
0.000516,0.000000,-0.400000
0.000518,0.080000,-0.400000
0.000520,0.000000,-0.400000
0.000522,0.080000,-0.400000
0.000524,0.000000,-0.400000
0.000526,0.000000,-0.400000
0.000528,0.000000,-0.400000
0.000530,-0.080000,-0.400000
0.000532,0.000000,-0.400000
0.000534,0.000000,-0.320000
0.000536,0.000000,-0.320000
0.000538,0.000000,-0.320000
0.000540,0.000000,-0.320000
0.000542,0.000000,-0.320000
0.000544,-0.080000,-0.240000
0.000546,0.000000,-0.240000
0.000548,-0.080000,-0.160000
0.000550,0.000000,-0.240000
0.000552,0.000000,-0.160000
0.000554,-0.080000,-0.160000
0.000556,-0.080000,-0.080000
0.000558,0.000000,-0.080000
0.000560,0.000000,-0.080000
0.000562,0.000000,-0.080000
0.000564,-0.080000,-0.080000
0.000566,0.000000,-0.080000
0.000568,-0.080000,0.000000
0.000570,0.000000,0.000000
0.000572,0.000000,0.080000
0.000574,0.000000,0.080000
0.000576,0.000000,0.080000
0.000578,0.000000,0.080000
0.000580,0.000000,0.080000
0.000582,0.000000,0.160000
0.000584,-0.080000,0.160000
0.000586,0.000000,0.160000
0.000588,0.000000,0.160000
0.000590,0.000000,0.160000
0.000592,0.000000,0.240000
0.000594,0.000000,0.240000
0.000596,0.000000,0.240000
0.000598,0.000000,0.240000
0.000600,0.080000,0.240000
0.000602,0.000000,0.240000
0.000604,0.000000,0.240000
0.000606,0.000000,0.320000
0.000608,0.080000,0.240000
0.000610,0.000000,0.240000
0.000612,0.080000,0.320000
0.000614,0.000000,0.320000
0.000616,0.080000,0.240000
0.000618,0.080000,0.240000
0.000620,0.080000,0.240000
0.000622,0.000000,0.240000
0.000624,0.000000,0.240000
0.000626,0.080000,0.240000
0.000628,0.080000,0.240000
0.000630,0.080000,0.240000
0.000632,0.080000,0.240000
0.000634,0.000000,0.160000
0.000636,0.080000,0.160000
0.000638,0.080000,0.160000
0.000640,0.080000,0.160000
0.000642,0.080000,0.080000
0.000644,0.080000,0.160000
0.000646,0.080000,0.080000
0.000648,0.080000,0.080000
0.000650,0.080000,0.080000
0.000652,0.080000,0.080000
0.000654,0.080000,0.080000
0.000656,0.080000,0.080000
0.000658,0.080000,0.000000
0.000660,0.080000,0.000000
0.000662,0.080000,0.080000
0.000664,0.080000,0.000000
0.000666,0.080000,0.000000
0.000668,0.080000,0.000000
0.000670,0.080000,0.000000
0.000672,0.080000,-0.080000
0.000674,0.080000,-0.080000
0.000676,0.080000,-0.080000
0.000678,0.080000,-0.160000
0.000680,0.080000,-0.080000
0.000682,0.080000,-0.080000
0.000684,0.080000,-0.160000
0.000686,0.000000,-0.160000
0.000688,0.080000,-0.160000
0.000690,0.000000,-0.160000
0.000692,0.000000,-0.160000
0.000694,0.000000,-0.160000
0.000696,0.000000,-0.160000
0.000698,0.080000,-0.160000
0.000700,0.000000,-0.160000
0.000702,0.080000,-0.160000
0.000704,0.000000,-0.160000
0.000706,0.000000,-0.160000
0.000708,0.000000,-0.160000
0.000710,0.000000,-0.160000
0.000712,0.000000,-0.240000
0.000714,0.000000,-0.160000
0.000716,0.000000,-0.160000
0.000718,0.000000,-0.160000
0.000720,0.000000,-0.160000
0.000722,0.000000,-0.160000
0.000724,0.000000,-0.160000
0.000726,0.080000,-0.160000
0.000728,0.000000,-0.160000
0.000730,0.000000,-0.160000
0.000732,0.000000,-0.160000
0.000734,0.000000,-0.160000
0.000736,0.000000,-0.160000
0.000738,0.000000,-0.160000
0.000740,0.000000,-0.080000
0.000742,0.000000,-0.080000
0.000744,0.000000,-0.080000
0.000746,0.000000,-0.080000
0.000748,0.000000,-0.080000
0.000750,0.000000,-0.080000
0.000752,0.000000,0.000000
0.000754,-0.080000,0.000000
0.000756,0.000000,0.000000
0.000758,0.000000,-0.080000
0.000760,0.000000,0.000000
0.000762,0.000000,0.080000
0.000764,0.000000,0.000000
0.000766,0.000000,0.080000
0.000768,0.000000,0.000000
0.000770,0.000000,0.080000
0.000772,0.000000,0.080000
0.000774,0.000000,0.080000
0.000776,0.000000,0.080000
0.000778,0.000000,0.080000
0.000780,0.000000,0.080000
0.000782,0.000000,0.080000
0.000784,0.000000,0.080000
0.000786,0.000000,0.080000
0.000788,0.000000,0.080000
0.000790,0.000000,0.080000
0.000792,0.000000,0.080000
0.000794,0.000000,0.080000
0.000796,0.000000,0.080000
0.000798,0.000000,0.160000
0.000800,0.080000,0.080000
0.000802,0.000000,0.080000
0.000804,0.000000,0.080000
0.000806,0.000000,0.160000
0.000808,0.080000,0.080000
0.000810,0.080000,0.080000
0.000812,0.080000,0.080000
0.000814,0.000000,0.080000
0.000816,0.080000,0.080000
0.000818,0.080000,0.080000
0.000820,0.000000,0.080000
0.000822,0.080000,0.080000
0.000824,0.000000,0.080000
0.000826,0.000000,0.080000
0.000828,0.080000,0.080000
0.000830,0.080000,0.080000
0.000832,0.080000,0.080000
0.000834,0.080000,0.080000
0.000836,0.080000,0.080000
0.000838,0.080000,0.080000
0.000840,0.000000,0.080000
0.000842,0.080000,0.080000
0.000844,0.080000,0.080000
0.000846,0.080000,0.080000
0.000848,0.080000,0.000000
0.000850,0.000000,0.080000
0.000852,0.080000,0.000000
0.000854,0.000000,0.000000
0.000856,0.000000,0.000000
0.000858,0.000000,0.000000
0.000860,0.080000,0.000000
0.000862,0.000000,0.000000
0.000864,0.080000,0.000000
0.000866,0.000000,-0.080000
0.000868,0.080000,-0.080000
0.000870,0.000000,0.000000
0.000872,0.080000,0.000000
0.000874,0.000000,-0.080000
0.000876,0.000000,-0.080000
0.000878,0.000000,-0.080000
0.000880,0.000000,-0.080000
0.000882,0.080000,-0.080000
0.000884,0.080000,-0.080000
0.000886,0.000000,-0.080000
0.000888,0.000000,-0.080000
0.000890,0.080000,-0.080000
0.000892,0.000000,-0.080000
0.000894,0.000000,-0.080000
0.000896,0.000000,-0.080000
0.000898,0.000000,-0.080000
0.000900,0.080000,-0.080000
0.000902,0.080000,-0.080000
0.000904,0.000000,-0.080000
0.000906,0.000000,-0.080000
0.000908,0.000000,-0.080000
0.000910,0.000000,-0.080000
0.000912,0.000000,-0.080000
0.000914,0.000000,-0.080000
0.000916,0.000000,-0.080000
0.000918,0.000000,-0.080000
0.000920,0.000000,-0.080000
0.000922,0.000000,-0.080000
0.000924,0.000000,-0.080000
0.000926,0.080000,0.000000
0.000928,0.000000,-0.080000
0.000930,0.000000,-0.080000
0.000932,0.000000,-0.080000
0.000934,0.000000,0.000000
0.000936,0.000000,0.000000
0.000938,0.000000,-0.080000
0.000940,0.000000,0.000000
0.000942,0.000000,0.000000
0.000944,0.080000,0.000000
0.000946,0.000000,0.000000
0.000948,0.000000,0.000000
0.000950,0.000000,0.000000
0.000952,0.000000,0.000000
0.000954,0.000000,0.000000
0.000956,0.000000,0.000000
0.000958,0.000000,0.000000
0.000960,0.000000,0.080000
0.000962,0.000000,0.080000
0.000964,0.000000,0.000000
0.000966,0.000000,0.000000
0.000968,0.000000,0.080000
0.000970,0.000000,0.000000
0.000972,0.000000,0.080000
0.000974,0.000000,0.080000
0.000976,0.080000,0.000000
0.000978,0.000000,0.080000
0.000980,0.000000,0.000000
0.000982,0.000000,0.080000
0.000984,0.000000,0.080000
0.000986,0.000000,0.000000
0.000988,0.000000,0.080000
0.000990,0.080000,0.080000
0.000992,0.000000,0.080000
0.000994,0.000000,0.080000
0.000996,0.000000,0.080000
0.000998,0.000000,0.080000
0.001000,0.000000,0.080000
0.001002,0.080000,0.000000
0.001004,0.000000,0.080000
0.001006,0.000000,0.080000
0.001008,0.000000,0.000000
0.001010,0.000000,0.080000
0.001012,0.080000,0.080000
0.001014,0.000000,0.000000
0.001016,0.080000,0.000000
0.001018,0.080000,0.080000
0.001020,0.000000,0.000000
0.001022,0.080000,0.080000
0.001024,0.000000,0.000000
0.001026,0.000000,0.000000
0.001028,0.000000,0.000000
0.001030,0.000000,0.000000
0.001032,0.080000,0.000000
0.001034,0.080000,0.000000
0.001036,0.000000,0.000000
0.001038,0.080000,0.000000
0.001040,0.000000,0.000000
0.001042,0.000000,0.080000
0.001044,0.000000,0.000000
0.001046,0.080000,0.000000
0.001048,0.000000,0.000000
0.001050,0.080000,0.000000
0.001052,0.080000,0.000000
0.001054,0.000000,0.000000
0.001056,0.000000,0.000000
0.001058,0.000000,0.000000
0.001060,0.000000,0.000000
0.001062,0.000000,-0.080000
0.001064,0.000000,0.000000
0.001066,0.080000,0.000000
0.001068,0.000000,0.000000
0.001070,0.080000,0.000000
0.001072,0.000000,0.000000
0.001074,0.000000,-0.080000
0.001076,0.000000,0.000000
0.001078,0.080000,-0.080000
0.001080,0.000000,0.000000
0.001082,0.000000,0.000000
0.001084,0.000000,-0.080000
0.001086,0.000000,-0.080000
0.001088,0.080000,-0.080000
0.001090,0.000000,-0.080000
0.001092,0.000000,-0.080000
0.001094,0.000000,-0.080000
0.001096,0.000000,0.000000
0.001098,0.080000,0.000000
0.001100,0.080000,-0.080000
0.001102,0.080000,-0.080000
0.001104,0.080000,-0.080000
0.001106,0.000000,0.000000
0.001108,0.000000,0.000000
0.001110,0.000000,0.000000
0.001112,0.000000,0.000000
0.001114,0.000000,0.000000
0.001116,0.000000,0.000000
0.001118,0.000000,0.000000
0.001120,0.000000,-0.080000
0.001122,0.000000,0.000000
0.001124,0.000000,0.000000
0.001126,0.000000,-0.080000
0.001128,0.000000,0.000000
0.001130,0.000000,0.000000
0.001132,0.000000,0.000000
0.001134,0.080000,0.000000
0.001136,0.000000,0.000000
0.001138,0.000000,0.000000
0.001140,0.000000,0.000000
0.001142,0.000000,0.080000
0.001144,0.080000,0.000000
0.001146,0.000000,0.000000
0.001148,0.000000,0.000000
0.001150,0.000000,0.000000
0.001152,0.000000,0.000000
0.001154,0.000000,0.000000
0.001156,0.000000,0.000000
0.001158,0.000000,0.000000
0.001160,0.000000,0.080000
0.001162,0.080000,0.080000
0.001164,0.080000,0.000000
0.001166,0.000000,0.080000
0.001168,0.000000,0.080000
0.001170,0.080000,0.080000
0.001172,0.000000,0.000000
0.001174,0.080000,0.080000
0.001176,0.000000,0.000000
0.001178,0.000000,0.080000
0.001180,0.000000,0.000000
0.001182,0.000000,0.000000
0.001184,0.000000,0.000000
0.001186,0.000000,0.080000
0.001188,0.000000,0.000000
0.001190,0.000000,0.080000
0.001192,0.000000,0.000000
0.001194,0.080000,0.080000
0.001196,0.000000,0.080000
0.001198,0.000000,0.000000
0.001200,0.000000,0.080000
0.001202,0.080000,0.080000
0.001204,0.000000,0.000000
0.001206,0.000000,0.080000
0.001208,0.080000,0.080000
0.001210,0.000000,0.000000
0.001212,0.080000,0.000000
0.001214,0.080000,0.000000
0.001216,0.000000,0.000000
0.001218,0.000000,0.080000
0.001220,0.080000,0.000000
0.001222,0.080000,0.000000
0.001224,0.080000,0.000000
0.001226,0.000000,0.080000
0.001228,0.080000,0.000000
0.001230,0.000000,0.000000
0.001232,0.000000,0.000000
0.001234,0.000000,0.000000
0.001236,0.000000,0.000000
0.001238,0.000000,0.000000
0.001240,0.080000,0.000000
0.001242,0.000000,0.000000
0.001244,0.080000,0.000000
0.001246,0.000000,0.000000
0.001248,0.000000,0.000000
0.001250,0.000000,0.000000
0.001252,0.080000,0.080000
0.001254,0.080000,0.000000
0.001256,0.000000,0.000000
0.001258,0.080000,0.000000
0.001260,0.080000,0.000000
0.001262,0.080000,0.000000
0.001264,0.080000,0.000000
0.001266,0.000000,0.000000
0.001268,0.080000,0.000000
0.001270,0.000000,-0.080000
0.001272,0.080000,0.000000
0.001274,0.000000,0.000000
0.001276,0.000000,0.000000
0.001278,0.080000,0.000000
0.001280,0.000000,0.000000
0.001282,0.000000,0.000000
0.001284,0.000000,0.000000
0.001286,0.000000,-0.080000
0.001288,0.000000,0.000000
0.001290,0.000000,-0.080000
0.001292,0.000000,0.000000
0.001294,0.000000,0.000000
0.001296,0.000000,0.000000
0.001298,0.000000,0.000000
0.001300,0.080000,0.000000
0.001302,0.000000,0.000000
0.001304,0.000000,0.000000
0.001306,0.000000,-0.080000
0.001308,0.000000,0.000000
0.001310,0.000000,0.000000
0.001312,0.000000,0.000000
0.001314,0.000000,0.000000
0.001316,0.000000,0.000000
0.001318,0.000000,0.000000
0.001320,0.000000,0.000000
0.001322,0.000000,0.000000
0.001324,0.080000,0.000000
0.001326,0.000000,0.000000
0.001328,0.000000,0.000000
0.001330,0.000000,0.000000
0.001332,0.000000,0.000000
0.001334,0.000000,0.000000
0.001336,0.000000,0.000000
0.001338,0.000000,0.000000
0.001340,0.000000,0.000000
0.001342,0.000000,0.000000
0.001344,0.000000,0.000000
0.001346,0.000000,0.000000
0.001348,0.000000,0.000000
0.001350,0.080000,0.000000
0.001352,0.000000,0.000000
0.001354,0.000000,0.000000
0.001356,0.080000,0.000000
0.001358,0.000000,0.000000
0.001360,0.080000,0.000000
0.001362,0.000000,0.000000
0.001364,0.000000,-0.080000
0.001366,0.000000,0.080000
0.001368,0.000000,0.000000
0.001370,0.000000,0.080000
0.001372,0.000000,0.080000
0.001374,0.080000,0.000000
0.001376,0.000000,0.000000
0.001378,0.080000,0.000000
0.001380,0.000000,0.000000
0.001382,0.000000,0.080000
0.001384,0.080000,0.080000
0.001386,0.080000,0.000000
0.001388,0.000000,0.000000
0.001390,0.000000,0.080000
0.001392,0.000000,0.000000
0.001394,0.000000,0.000000
0.001396,0.080000,0.000000
0.001398,0.000000,0.000000
0.001400,0.000000,0.000000
0.001402,0.080000,0.000000
0.001404,0.080000,0.000000
0.001406,0.080000,0.000000
0.001408,0.000000,0.000000
0.001410,0.080000,0.000000
0.001412,0.080000,0.080000
0.001414,0.000000,0.000000
0.001416,0.000000,0.000000
0.001418,0.000000,0.000000
0.001420,0.080000,0.000000
0.001422,0.000000,0.000000
0.001424,0.000000,0.000000
0.001426,0.000000,0.080000
0.001428,0.080000,0.000000
0.001430,0.080000,0.000000
0.001432,0.080000,0.000000
0.001434,0.080000,0.000000
0.001436,0.000000,0.000000
0.001438,0.000000,0.000000
0.001440,0.000000,0.000000
0.001442,0.000000,0.000000
0.001444,0.080000,0.000000
0.001446,0.000000,0.080000
0.001448,0.080000,0.000000
0.001450,0.000000,0.000000
0.001452,0.000000,0.000000
0.001454,0.000000,-0.080000
0.001456,0.000000,0.000000
0.001458,0.000000,0.000000
0.001460,0.000000,0.000000
0.001462,0.000000,0.000000
0.001464,0.000000,0.000000
0.001466,0.080000,0.000000
0.001468,0.000000,0.000000
0.001470,0.000000,0.000000
0.001472,0.000000,0.000000
0.001474,0.000000,0.000000
0.001476,0.080000,0.000000
0.001478,0.000000,0.000000
0.001480,0.000000,0.000000
0.001482,0.000000,0.000000
0.001484,0.080000,0.000000
0.001486,0.000000,0.000000
0.001488,0.080000,0.000000
0.001490,0.000000,0.000000
0.001492,0.000000,0.000000
0.001494,0.000000,0.000000
0.001496,0.080000,0.000000
0.001498,0.000000,0.000000
0.001500,0.000000,0.000000
0.001502,0.080000,0.000000
0.001504,0.000000,0.000000
0.001506,0.080000,0.000000
0.001508,0.080000,0.000000
0.001510,0.000000,0.080000
0.001512,0.080000,0.000000
0.001514,0.080000,0.000000
0.001516,0.000000,0.000000
0.001518,0.080000,0.000000
0.001520,0.080000,0.000000
0.001522,0.000000,0.000000
0.001524,0.080000,0.000000
0.001526,0.000000,0.000000
0.001528,0.000000,0.000000
0.001530,0.000000,0.000000
0.001532,0.000000,0.000000
0.001534,0.000000,0.000000
0.001536,0.080000,0.000000
0.001538,0.000000,0.000000
0.001540,0.080000,0.080000
0.001542,0.000000,0.000000
0.001544,0.000000,0.000000
0.001546,0.000000,0.000000
0.001548,0.000000,0.000000
0.001550,0.000000,0.000000
0.001552,0.000000,0.000000
0.001554,0.000000,0.000000
0.001556,0.000000,0.000000
0.001558,0.080000,0.000000
0.001560,0.000000,0.000000
0.001562,0.000000,0.000000
0.001564,0.000000,0.000000
0.001566,0.000000,0.000000
0.001568,0.080000,0.000000
0.001570,0.000000,0.080000
0.001572,0.000000,0.000000
0.001574,0.000000,0.000000
0.001576,0.000000,0.000000
0.001578,0.000000,0.000000
0.001580,0.000000,0.000000
0.001582,0.080000,0.000000
0.001584,0.000000,0.000000
0.001586,0.080000,0.000000
0.001588,0.000000,0.000000
0.001590,0.000000,0.000000
0.001592,0.000000,0.000000
0.001594,0.000000,0.000000
0.001596,-5.840000,0.000000
0.001598,-5.840000,0.000000
0.001600,-5.840000,-0.080000
0.001602,-5.760000,-0.160000
0.001604,-5.760000,-0.240000
0.001606,-5.680000,-0.480000
0.001608,-5.600000,-0.560000
0.001610,-5.600000,-0.720000
0.001612,-5.520000,-0.880000
0.001614,-5.440000,-1.120000
0.001616,-5.440000,-1.360000
0.001618,-5.440000,-1.600000
0.001620,-5.440000,-1.840000
0.001622,-5.360000,-2.000000
0.001624,-5.280000,-2.400000
0.001626,-5.280000,-2.720000
0.001628,-5.280000,-2.960000
0.001630,-5.280000,-3.280000
0.001632,-5.200000,-3.600000
0.001634,-5.280000,-4.000000
0.001636,-5.200000,-4.320000
0.001638,-5.200000,-4.720000
0.001640,-5.280000,-5.120000
0.001642,-5.200000,-5.520000
0.001644,-5.280000,-5.920000
0.001646,-5.280000,-6.320000
0.001648,-5.280000,-6.640000
0.001650,-5.280000,-7.120000
0.001652,-5.360000,-7.520000
0.001654,-5.360000,-7.920000
0.001656,-5.360000,-8.320000
0.001658,-5.440000,-8.800000
0.001660,-5.520000,-9.120000
0.001662,-5.440000,-9.520000
0.001664,-5.520000,-9.760000
0.001666,-5.600000,-10.160000
0.001668,-5.680000,-10.240000
0.001670,-5.680000,-10.240000
0.001672,-5.680000,-10.240000
0.001674,-5.760000,-10.240000
0.001676,-5.840000,-10.240000
0.001678,-5.920000,-10.240000
0.001680,-6.000000,-10.240000
0.001682,-6.000000,-10.240000
0.001684,-6.000000,-10.240000
0.001686,-6.080000,-10.240000
0.001688,-6.160000,-10.240000
0.001690,-6.240000,-10.240000
0.001692,-6.240000,-10.240000
0.001694,-6.320000,-10.240000
0.001696,-6.320000,-10.240000
0.001698,-6.400000,-9.920000
0.001700,-6.400000,-9.600000
0.001702,-6.400000,-9.280000
0.001704,-6.400000,-9.040000
0.001706,-6.400000,-8.640000
0.001708,-6.480000,-8.240000
0.001710,-6.480000,-7.920000
0.001712,-6.480000,-7.600000
0.001714,-6.480000,-7.200000
0.001716,-6.480000,-6.880000
0.001718,-6.480000,-6.560000
0.001720,-6.480000,-6.240000
0.001722,-6.480000,-6.000000
0.001724,-6.480000,-5.680000
0.001726,-6.480000,-5.360000
0.001728,-6.480000,-5.120000
0.001730,-6.480000,-4.800000
0.001732,-6.400000,-4.640000
0.001734,-6.400000,-4.400000
0.001736,-6.400000,-4.240000
0.001738,-6.400000,-4.080000
0.001740,-6.400000,-3.920000
0.001742,-6.240000,-3.680000
0.001744,-6.320000,-3.520000
0.001746,-6.240000,-3.440000
0.001748,-6.240000,-3.280000
0.001750,-6.240000,-3.200000
0.001752,-6.160000,-3.120000
0.001754,-6.160000,-3.040000
0.001756,-6.160000,-2.960000
0.001758,-6.080000,-2.960000
0.001760,-6.000000,-2.880000
0.001762,-6.000000,-2.960000
0.001764,-6.000000,-2.880000
0.001766,-5.920000,-2.880000
0.001768,-5.920000,-2.960000
0.001770,-5.840000,-2.960000
0.001772,-5.840000,-3.040000
0.001774,-5.840000,-3.120000
0.001776,-5.840000,-3.200000
0.001778,-5.840000,-3.360000
0.001780,-5.760000,-3.440000
0.001782,-5.760000,-3.600000
0.001784,-5.760000,-3.680000
0.001786,-5.760000,-3.840000
0.001788,-5.680000,-3.920000
0.001790,-5.680000,-4.160000
0.001792,-5.680000,-4.320000
0.001794,-5.680000,-4.480000
0.001796,-5.680000,-4.720000
0.001798,-5.680000,-4.800000
0.001800,-5.680000,-5.040000
0.001802,-5.600000,-5.200000
0.001804,-5.600000,-5.440000
0.001806,-5.680000,-5.600000
0.001808,-5.680000,-5.840000
0.001810,-5.680000,-6.080000
0.001812,-5.680000,-6.240000
0.001814,-5.680000,-6.480000
0.001816,-5.680000,-6.640000
0.001818,-5.680000,-6.800000
0.001820,-5.680000,-7.040000
0.001822,-5.760000,-7.200000
0.001824,-5.760000,-7.360000
0.001826,-5.760000,-7.520000
0.001828,-5.760000,-7.680000
0.001830,-5.840000,-7.840000
0.001832,-5.760000,-8.000000
0.001834,-5.760000,-8.080000
0.001836,-5.840000,-8.160000
0.001838,-5.840000,-8.320000
0.001840,-5.920000,-8.320000
0.001842,-5.920000,-8.320000
0.001844,-5.920000,-8.400000
0.001846,-5.920000,-8.400000
0.001848,-6.000000,-8.400000
0.001850,-6.000000,-8.400000
0.001852,-6.080000,-8.320000
0.001854,-6.080000,-8.320000
0.001856,-6.080000,-8.240000
0.001858,-6.080000,-8.160000
0.001860,-6.160000,-8.080000
0.001862,-6.160000,-7.920000
0.001864,-6.160000,-7.840000
0.001866,-6.160000,-7.760000
0.001868,-6.240000,-7.600000
0.001870,-6.240000,-7.440000
0.001872,-6.240000,-7.280000
0.001874,-6.160000,-7.120000
0.001876,-6.240000,-6.960000
0.001878,-6.240000,-6.800000
0.001880,-6.240000,-6.640000
0.001882,-6.240000,-6.560000
0.001884,-6.240000,-6.400000
0.001886,-6.240000,-6.160000
0.001888,-6.240000,-6.080000
0.001890,-6.240000,-6.000000
0.001892,-6.240000,-5.760000
0.001894,-6.240000,-5.680000
0.001896,-6.240000,-5.520000
0.001898,-6.240000,-5.360000
0.001900,-6.160000,-5.280000
0.001902,-6.240000,-5.120000
0.001904,-6.160000,-5.040000
0.001906,-6.160000,-4.960000
0.001908,-6.160000,-4.880000
0.001910,-6.160000,-4.800000
0.001912,-6.160000,-4.720000
0.001914,-6.080000,-4.640000
0.001916,-6.080000,-4.640000
0.001918,-6.080000,-4.560000
0.001920,-6.080000,-4.560000
0.001922,-6.000000,-4.560000
0.001924,-6.000000,-4.480000
0.001926,-6.000000,-4.480000
0.001928,-6.000000,-4.480000
0.001930,-6.000000,-4.480000
0.001932,-6.000000,-4.480000
0.001934,-5.920000,-4.480000
0.001936,-6.000000,-4.560000
0.001938,-5.920000,-4.560000
0.001940,-5.920000,-4.560000
0.001942,-5.840000,-4.560000
0.001944,-5.840000,-4.720000
0.001946,-5.840000,-4.720000
0.001948,-5.840000,-4.800000
0.001950,-5.840000,-4.880000
0.001952,-5.840000,-4.960000
0.001954,-5.840000,-5.040000
0.001956,-5.840000,-5.120000
0.001958,-5.840000,-5.200000
0.001960,-5.840000,-5.280000
0.001962,-5.840000,-5.440000
0.001964,-5.760000,-5.440000
0.001966,-5.760000,-5.680000
0.001968,-5.840000,-5.760000
0.001970,-5.840000,-5.840000
0.001972,-5.760000,-5.920000
0.001974,-5.840000,-6.000000
0.001976,-5.840000,-6.160000
0.001978,-5.840000,-6.160000
0.001980,-5.840000,-6.240000
0.001982,-5.840000,-6.400000
0.001984,-5.840000,-6.480000
0.001986,-5.840000,-6.560000
0.001988,-5.840000,-6.640000
0.001990,-5.840000,-6.720000
0.001992,-5.840000,-6.800000
0.001994,-5.840000,-6.880000
0.001996,-5.840000,-6.880000
0.001998,-5.920000,-6.960000
0.002000,-5.920000,-6.960000
0.002002,-5.920000,-7.040000
0.002004,-5.920000,-7.120000
0.002006,-5.920000,-7.120000
0.002008,-5.920000,-7.120000
0.002010,-5.920000,-7.120000
0.002012,-6.000000,-7.120000
0.002014,-6.000000,-7.120000
0.002016,-6.000000,-7.120000
0.002018,-6.000000,-7.120000
0.002020,-6.080000,-7.040000
0.002022,-6.000000,-7.040000
0.002024,-6.080000,-6.960000
0.002026,-6.000000,-6.880000
0.002028,-6.080000,-6.880000
0.002030,-6.080000,-6.800000
0.002032,-6.080000,-6.800000
0.002034,-6.080000,-6.640000
0.002036,-6.080000,-6.640000
0.002038,-6.080000,-6.560000
0.002040,-6.080000,-6.480000
0.002042,-6.080000,-6.400000
0.002044,-6.080000,-6.400000
0.002046,-6.080000,-6.240000
0.002048,-6.080000,-6.160000
0.002050,-6.080000,-6.160000
0.002052,-6.160000,-6.080000
0.002054,-6.160000,-6.000000
0.002056,-6.080000,-5.920000
0.002058,-6.080000,-5.840000
0.002060,-6.080000,-5.760000
0.002062,-6.080000,-5.680000
0.002064,-6.080000,-5.600000
0.002066,-6.080000,-5.600000
0.002068,-6.080000,-5.520000
0.002070,-6.080000,-5.520000
0.002072,-6.080000,-5.440000
0.002074,-6.000000,-5.360000
0.002076,-6.000000,-5.360000
0.002078,-6.000000,-5.280000
0.002080,-6.000000,-5.280000
0.002082,-6.000000,-5.280000
0.002084,-6.000000,-5.280000
0.002086,-6.000000,-5.200000
0.002088,-6.000000,-5.200000
0.002090,-6.000000,-5.200000
0.002092,-6.000000,-5.280000
0.002094,-6.000000,-5.200000
0.002096,-5.920000,-5.200000
0.002098,-6.000000,-5.200000
0.002100,-6.000000,-5.200000
0.002102,-6.000000,-5.280000
0.002104,-5.920000,-5.280000
0.002106,-5.920000,-5.360000
0.002108,-5.920000,-5.360000
0.002110,-5.920000,-5.360000
0.002112,-5.920000,-5.440000
0.002114,-5.920000,-5.440000
0.002116,-5.920000,-5.520000
0.002118,-5.920000,-5.600000
0.002120,-5.920000,-5.600000
0.002122,-5.840000,-5.680000
0.002124,-5.920000,-5.680000
0.002126,-5.920000,-5.760000
0.002128,-5.920000,-5.840000
0.002130,-5.920000,-5.840000
0.002132,-5.920000,-5.920000
0.002134,-5.920000,-6.000000
0.002136,-5.920000,-6.000000
0.002138,-5.920000,-6.080000
0.002140,-5.920000,-6.080000
0.002142,-5.920000,-6.160000
0.002144,-5.920000,-6.160000
0.002146,-5.840000,-6.240000
0.002148,-5.920000,-6.240000
0.002150,-5.920000,-6.320000
0.002152,-5.920000,-6.320000
0.002154,-5.920000,-6.320000
0.002156,-5.920000,-6.400000
0.002158,-5.920000,-6.400000
0.002160,-5.920000,-6.400000
0.002162,-6.000000,-6.480000
0.002164,-5.920000,-6.480000
0.002166,-5.920000,-6.560000
0.002168,-5.920000,-6.560000
0.002170,-6.000000,-6.480000
0.002172,-6.000000,-6.560000
0.002174,-6.000000,-6.560000
0.002176,-6.000000,-6.560000
0.002178,-6.000000,-6.480000
0.002180,-6.000000,-6.480000
0.002182,-6.000000,-6.480000
0.002184,-6.000000,-6.480000
0.002186,-6.000000,-6.480000
0.002188,-6.000000,-6.480000
0.002190,-6.000000,-6.400000
0.002192,-6.000000,-6.400000
0.002194,-6.000000,-6.400000
0.002196,-6.080000,-6.400000
0.002198,-6.000000,-6.320000
0.002200,-6.000000,-6.240000
0.002202,-6.000000,-6.240000
0.002204,-6.000000,-6.240000
0.002206,-6.080000,-6.160000
0.002208,-6.000000,-6.160000
0.002210,-6.000000,-6.080000
0.002212,-6.000000,-6.080000
0.002214,-6.080000,-6.080000
0.002216,-6.080000,-6.000000
0.002218,-6.000000,-5.920000
0.002220,-6.000000,-5.920000
0.002222,-6.000000,-5.920000
0.002224,-6.000000,-5.840000
0.002226,-6.000000,-5.840000
0.002228,-6.000000,-5.760000
0.002230,-6.000000,-5.760000
0.002232,-6.000000,-5.760000
0.002234,-6.000000,-5.680000
0.002236,-6.000000,-5.680000
0.002238,-6.000000,-5.680000
0.002240,-6.000000,-5.680000
0.002242,-6.000000,-5.680000
0.002244,-6.000000,-5.600000
0.002246,-6.000000,-5.600000
0.002248,-6.000000,-5.600000
0.002250,-6.000000,-5.520000
0.002252,-6.000000,-5.600000
0.002254,-6.000000,-5.680000
0.002256,-6.000000,-5.600000
0.002258,-5.920000,-5.600000
0.002260,-6.000000,-5.600000
0.002262,-6.000000,-5.600000
0.002264,-6.000000,-5.600000
0.002266,-6.000000,-5.680000
0.002268,-6.000000,-5.680000
0.002270,-5.920000,-5.680000
0.002272,-6.000000,-5.680000
0.002274,-6.000000,-5.680000
0.002276,-5.920000,-5.760000
0.002278,-5.920000,-5.760000
0.002280,-5.920000,-5.760000
0.002282,-6.000000,-5.760000
0.002284,-5.920000,-5.840000
0.002286,-5.920000,-5.840000
0.002288,-5.920000,-5.840000
0.002290,-5.920000,-5.840000
0.002292,-6.000000,-5.920000
0.002294,-5.920000,-5.920000
0.002296,-5.920000,-6.000000
0.002298,-5.920000,-6.000000
0.002300,-6.000000,-6.000000
0.002302,-6.000000,-6.000000
0.002304,-6.000000,-6.080000
0.002306,-5.920000,-6.080000
0.002308,-5.920000,-6.080000
0.002310,-5.920000,-6.080000
0.002312,-5.920000,-6.160000
0.002314,-6.000000,-6.160000
0.002316,-5.920000,-6.160000
0.002318,-6.000000,-6.160000
0.002320,-5.920000,-6.240000
0.002322,-5.920000,-6.240000
0.002324,-6.000000,-6.240000
0.002326,-5.920000,-6.240000
0.002328,-6.000000,-6.240000
0.002330,-6.000000,-6.240000
0.002332,-6.000000,-6.240000
0.002334,-6.000000,-6.240000
0.002336,-6.000000,-6.240000
0.002338,-5.920000,-6.240000
0.002340,-6.000000,-6.240000
0.002342,-6.000000,-6.240000
0.002344,-6.000000,-6.240000
0.002346,-6.000000,-6.240000
0.002348,-6.000000,-6.240000
0.002350,-6.000000,-6.160000
0.002352,-6.000000,-6.240000
0.002354,-6.000000,-6.160000
0.002356,-6.000000,-6.160000
0.002358,-6.000000,-6.160000
0.002360,-6.000000,-6.160000
0.002362,-6.000000,-6.160000
0.002364,-6.000000,-6.160000
0.002366,-6.000000,-6.080000
0.002368,-6.000000,-6.080000
0.002370,-6.000000,-6.080000
0.002372,-6.000000,-6.080000
0.002374,-6.000000,-6.080000
0.002376,-6.000000,-6.000000
0.002378,-6.000000,-6.000000
0.002380,-6.000000,-6.000000
0.002382,-6.000000,-5.920000
0.002384,-6.000000,-6.000000
0.002386,-6.000000,-5.920000
0.002388,-6.000000,-5.920000
0.002390,-6.000000,-5.920000
0.002392,-6.000000,-5.920000
0.002394,-6.000000,-5.840000
0.002396,-6.000000,-5.840000
0.002398,-6.000000,-5.840000
0.002400,-6.000000,-5.840000
0.002402,-6.000000,-5.840000
0.002404,-6.000000,-5.840000
0.002406,-6.000000,-5.840000
0.002408,-6.000000,-5.840000
0.002410,-6.000000,-5.760000
0.002412,-6.000000,-5.840000
0.002414,-6.000000,-5.760000
0.002416,-6.000000,-5.760000
0.002418,-6.000000,-5.840000
